2512
1381601722 -37.798779 144.947925
1381601723 -37.798775 144.947900
1381601724 -37.798749 144.947885
1381601725 -37.798734 144.947865
1381601726 -37.798723 144.947869
1381601727 -37.798712 144.947873
1381601728 -37.798694 144.947871
1381601729 -37.798679 144.947867
1381601730 -37.798682 144.947870
1381601731 -37.798699 144.947871
1381601732 -37.798704 144.947886
1381601733 -37.798686 144.947865
1381601734 -37.798716 144.947867
1381601735 -37.798689 144.947878
1381601736 -37.798694 144.947896
1381601737 -37.798700 144.947875
1381601738 -37.798694 144.947881
1381601739 -37.798684 144.947877
1381601740 -37.798693 144.947869
1381601741 -37.798695 144.947858
1381601742 -37.798692 144.947849
1381601743 -37.798694 144.947850
1381601744 -37.798684 144.947848
1381601745 -37.798686 144.947838
1381601746 -37.798683 144.947836
1381601747 -37.798678 144.947829
1381601748 -37.798681 144.947804
1381601749 -37.798680 144.947817
1381601750 -37.798674 144.947800
1381601751 -37.798679 144.947806
1381601752 -37.798679 144.947790
1381601753 -37.798677 144.947772
1381601754 -37.798676 144.947499
1381601755 -37.798672 144.947419
1381601756 -37.798683 144.947338
1381601757 -37.798661 144.947258
1381601758 -37.798621 144.947048
1381601759 -37.798612 144.946974
1381601760 -37.798603 144.946898
1381601761 -37.798604 144.946807
1381601762 -37.798585 144.946724
1381601763 -37.798582 144.946717
1381601764 -37.798586 144.946695
1381601765 -37.798582 144.946679
1381601766 -37.798590 144.946681
1381601767 -37.798575 144.946680
1381601768 -37.798570 144.946679
1381601769 -37.798574 144.946667
1381601770 -37.798569 144.946662
1381601771 -37.798566 144.946637
1381601772 -37.798573 144.946636
1381601773 -37.798574 144.946635
1381601774 -37.798561 144.946623
1381601775 -37.798577 144.946620
1381601776 -37.798581 144.946610
1381601777 -37.798582 144.946601
1381601778 -37.798583 144.946607
1381601779 -37.798569 144.946587
1381601780 -37.798581 144.946583
1381601781 -37.798568 144.946572
1381601782 -37.798560 144.946497
1381601783 -37.798552 144.946448
1381601784 -37.798548 144.946406
1381601785 -37.798538 144.946350
1381601786 -37.798499 144.946331
1381601787 -37.798391 144.946320
1381601788 -37.798283 144.946294
1381601789 -37.798171 144.946275
1381601790 -37.797941 144.946274
1381601791 -37.797833 144.946287
1381601792 -37.797731 144.946298
1381601793 -37.797660 144.946318
1381601794 -37.797597 144.946324
1381601795 -37.797534 144.946345
1381601796 -37.797418 144.946361
1381601797 -37.797326 144.946391
1381601798 -37.797226 144.946423
1381601799 -37.797109 144.946460
1381601800 -37.797010 144.946469
1381601801 -37.796888 144.946477
1381601802 -37.796646 144.946502
1381601803 -37.796576 144.946521
1381601804 -37.796508 144.946511
1381601805 -37.796433 144.946545
1381601806 -37.796310 144.946571
1381601807 -37.796201 144.946563
1381601808 -37.796091 144.946600
1381601809 -37.795986 144.946620
1381601810 -37.795874 144.946629
1381601811 -37.795670 144.946641
1381601812 -37.795565 144.946657
1381601813 -37.795457 144.946676
1381601814 -37.795354 144.946681
1381601815 -37.795262 144.946714
1381601816 -37.795218 144.946733
1381601817 -37.795177 144.946733
1381601818 -37.795138 144.946739
1381601819 -37.794907 144.946786
1381601820 -37.794838 144.946791
1381601821 -37.794783 144.946820
1381601822 -37.794715 144.946822
1381601823 -37.794632 144.946839
1381601824 -37.794548 144.946854
1381601825 -37.794343 144.946893
1381601826 -37.794251 144.946913
1381601827 -37.794160 144.946937
1381601828 -37.794081 144.946947
1381601829 -37.793978 144.946954
1381601830 -37.793929 144.946955
1381601831 -37.793900 144.946990
1381601832 -37.793861 144.947003
1381601833 -37.793811 144.947018
1381601834 -37.793776 144.947050
1381601835 -37.793717 144.947076
1381601836 -37.793700 144.947083
1381601837 -37.793681 144.947066
1381601838 -37.793672 144.947097
1381601839 -37.793679 144.947091
1381601840 -37.793672 144.947067
1381601841 -37.793673 144.947048
1381601842 -37.793663 144.947050
1381601843 -37.793665 144.947045
1381601844 -37.793668 144.947034
1381601845 -37.793658 144.947032
1381601846 -37.793671 144.947050
1381601847 -37.793647 144.947053
1381601848 -37.793651 144.947064
1381601849 -37.793664 144.947048
1381601850 -37.793666 144.947047
1381601851 -37.793658 144.947042
1381601852 -37.793666 144.947052
1381601853 -37.793658 144.947059
1381601854 -37.793651 144.947049
1381601855 -37.793665 144.947051
1381601856 -37.793667 144.947059
1381601857 -37.793664 144.947049
1381601858 -37.793668 144.947050
1381601859 -37.793665 144.947057
1381601860 -37.793659 144.947054
1381601861 -37.793664 144.947058
1381601862 -37.793659 144.947062
1381601863 -37.793679 144.947067
1381601864 -37.793673 144.947054
1381601865 -37.793662 144.947056
1381601866 -37.793652 144.947068
1381601867 -37.793666 144.947025
1381601868 -37.793663 144.947045
1381601869 -37.793664 144.947056
1381601870 -37.793659 144.947070
1381601871 -37.793666 144.947062
1381601872 -37.793662 144.947062
1381601873 -37.793661 144.947069
1381601874 -37.793671 144.947066
1381601875 -37.793673 144.947057
1381601876 -37.793663 144.947074
1381601877 -37.793672 144.947053
1381601878 -37.793663 144.947066
1381601879 -37.793663 144.947070
1381601880 -37.793665 144.947066
1381601881 -37.793662 144.947068
1381601882 -37.793660 144.947070
1381601883 -37.793663 144.947069
1381601884 -37.793662 144.947069
1381601885 -37.793666 144.947060
1381601886 -37.793657 144.947075
1381601887 -37.793666 144.947069
1381601888 -37.793656 144.947063
1381601889 -37.793658 144.947062
1381601890 -37.793656 144.947070
1381601891 -37.793649 144.947065
1381601892 -37.793657 144.947054
1381601893 -37.793654 144.947064
1381601894 -37.793662 144.947062
1381601895 -37.793662 144.947061
1381601896 -37.793645 144.947054
1381601897 -37.793650 144.947063
1381601898 -37.793641 144.947054
1381601899 -37.793648 144.947060
1381601900 -37.793651 144.947068
1381601901 -37.793649 144.947060
1381601902 -37.793651 144.947061
1381601903 -37.793650 144.947055
1381601904 -37.793646 144.947062
1381601905 -37.793653 144.947070
1381601906 -37.793652 144.947069
1381601907 -37.793644 144.947057
1381601908 -37.793647 144.947074
1381601909 -37.793643 144.947055
1381601910 -37.793579 144.947066
1381601911 -37.793502 144.947054
1381601912 -37.793413 144.946987
1381601913 -37.793350 144.946927
1381601914 -37.793277 144.946856
1381601915 -37.793204 144.946783
1381601916 -37.793048 144.946602
1381601917 -37.792994 144.946524
1381601918 -37.792943 144.946479
1381601919 -37.792901 144.946410
1381601920 -37.792814 144.946296
1381601921 -37.792719 144.946185
1381601922 -37.792621 144.946070
1381601923 -37.792531 144.945958
1381601924 -37.792456 144.945844
1381601925 -37.792373 144.945731
1381601926 -37.792173 144.945478
1381601927 -37.792102 144.945399
1381601928 -37.792052 144.945311
1381601929 -37.791991 144.945232
1381601930 -37.791895 144.945125
1381601931 -37.791797 144.945014
1381601932 -37.791713 144.944885
1381601933 -37.791623 144.944773
1381601934 -37.791410 144.944568
1381601935 -37.791313 144.944438
1381601936 -37.791237 144.944308
1381601937 -37.791147 144.944161
1381601938 -37.791047 144.944022
1381601939 -37.790996 144.943968
1381601940 -37.790970 144.943903
1381601941 -37.790919 144.943833
1381601942 -37.790778 144.943683
1381601943 -37.790727 144.943634
1381601944 -37.790683 144.943569
1381601945 -37.790648 144.943517
1381601946 -37.790623 144.943470
1381601947 -37.790586 144.943429
1381601948 -37.790580 144.943422
1381601949 -37.790570 144.943401
1381601950 -37.790557 144.943406
1381601951 -37.790566 144.943396
1381601952 -37.790554 144.943409
1381601953 -37.790530 144.943433
1381601954 -37.790507 144.943436
1381601955 -37.790512 144.943435
1381601956 -37.790532 144.943454
1381601957 -37.790512 144.943437
1381601958 -37.790495 144.943447
1381601959 -37.790505 144.943448
1381601960 -37.790507 144.943438
1381601961 -37.790506 144.943476
1381601962 -37.790501 144.943458
1381601963 -37.790501 144.943453
1381601964 -37.790509 144.943444
1381601965 -37.790507 144.943444
1381601966 -37.790498 144.943433
1381601967 -37.790488 144.943423
1381601968 -37.790499 144.943428
1381601969 -37.790487 144.943435
1381601970 -37.790486 144.943428
1381601971 -37.790487 144.943431
1381601972 -37.790485 144.943428
1381601973 -37.790484 144.943423
1381601974 -37.790426 144.943325
1381601975 -37.790363 144.943265
1381601976 -37.790306 144.943190
1381601977 -37.790258 144.943126
1381601978 -37.790203 144.943059
1381601979 -37.790115 144.942956
1381601980 -37.790006 144.942864
1381601981 -37.789939 144.942755
1381601982 -37.789864 144.942664
1381601983 -37.789813 144.942604
1381601984 -37.789779 144.942534
1381601985 -37.789748 144.942503
1381601986 -37.789737 144.942457
1381601987 -37.789697 144.942407
1381601988 -37.789682 144.942391
1381601989 -37.789679 144.942380
1381601990 -37.789672 144.942374
1381601991 -37.789682 144.942368
1381601992 -37.789698 144.942361
1381601993 -37.789701 144.942360
1381601994 -37.789676 144.942365
1381601995 -37.789697 144.942339
1381601996 -37.789676 144.942365
1381601997 -37.789670 144.942357
1381601998 -37.789668 144.942361
1381601999 -37.789672 144.942358
1381602000 -37.789671 144.942360
1381602001 -37.789668 144.942362
1381602002 -37.789670 144.942354
1381602003 -37.789676 144.942362
1381602004 -37.789671 144.942350
1381602005 -37.789676 144.942342
1381602006 -37.789667 144.942348
1381602007 -37.789676 144.942361
1381602008 -37.789667 144.942349
1381602009 -37.789670 144.942342
1381602010 -37.789668 144.942346
1381602011 -37.789653 144.942356
1381602012 -37.789664 144.942342
1381602013 -37.789653 144.942341
1381602014 -37.789665 144.942341
1381602015 -37.789647 144.942332
1381602016 -37.789669 144.942337
1381602017 -37.789658 144.942338
1381602018 -37.789682 144.942343
1381602019 -37.789663 144.942322
1381602020 -37.789657 144.942330
1381602021 -37.789661 144.942344
1381602022 -37.789668 144.942314
1381602023 -37.789653 144.942320
1381602024 -37.789663 144.942316
1381602025 -37.789642 144.942318
1381602026 -37.789650 144.942327
1381602027 -37.789652 144.942320
1381602028 -37.789648 144.942316
1381602029 -37.789648 144.942323
1381602030 -37.789650 144.942317
1381602031 -37.789631 144.942308
1381602032 -37.789630 144.942290
1381602033 -37.789500 144.942127
1381602034 -37.789450 144.942056
1381602035 -37.789410 144.942008
1381602036 -37.789310 144.941860
1381602037 -37.789205 144.941712
1381602038 -37.789099 144.941600
1381602039 -37.789010 144.941501
1381602040 -37.788922 144.941419
1381602041 -37.788845 144.941348
1381602042 -37.788814 144.941301
1381602043 -37.788752 144.941248
1381602044 -37.788708 144.941200
1381602045 -37.788699 144.941162
1381602046 -37.788714 144.941152
1381602047 -37.788746 144.941155
1381602048 -37.788766 144.941157
1381602049 -37.788762 144.941133
1381602050 -37.788770 144.941122
1381602051 -37.788758 144.941139
1381602052 -37.788768 144.941121
1381602053 -37.788741 144.941125
1381602054 -37.788736 144.941124
1381602055 -37.788737 144.941119
1381602056 -37.788734 144.941111
1381602057 -37.788720 144.941100
1381602058 -37.788659 144.941071
1381602059 -37.788646 144.941087
1381602060 -37.788535 144.941106
1381602061 -37.788427 144.941125
1381602062 -37.788389 144.941159
1381602063 -37.788363 144.941182
1381602064 -37.788319 144.941208
1381602065 -37.788159 144.941400
1381602066 -37.787992 144.941583
1381602067 -37.787923 144.941672
1381602068 -37.787843 144.941770
1381602069 -37.787693 144.941946
1381602070 -37.787656 144.941984
1381602071 -37.787570 144.942016
1381602072 -37.787552 144.942015
1381602073 -37.787540 144.942014
1381602074 -37.787431 144.942019
1381602075 -37.787322 144.942012
1381602076 -37.787137 144.942009
1381602077 -37.787066 144.942002
1381602078 -37.787006 144.941995
1381602079 -37.786923 144.941988
1381602080 -37.786813 144.941980
1381602081 -37.786719 144.941969
1381602082 -37.786575 144.941952
1381602083 -37.786431 144.941936
1381602084 -37.786326 144.941919
1381602085 -37.786223 144.941905
1381602086 -37.785983 144.941868
1381602087 -37.785906 144.941851
1381602088 -37.785817 144.941848
1381602089 -37.785733 144.941831
1381602090 -37.785510 144.941797
1381602091 -37.785419 144.941782
1381602092 -37.785327 144.941769
1381602093 -37.785195 144.941747
1381602094 -37.785076 144.941731
1381602095 -37.784947 144.941696
1381602096 -37.784805 144.941690
1381602097 -37.784683 144.941687
1381602098 -37.784564 144.941655
1381602099 -37.784471 144.941618
1381602100 -37.784382 144.941628
1381602101 -37.784293 144.941611
1381602102 -37.784039 144.941552
1381602103 -37.783883 144.941532
1381602104 -37.783749 144.941513
1381602105 -37.783635 144.941489
1381602106 -37.783518 144.941488
1381602107 -37.783390 144.941476
1381602108 -37.783266 144.941469
1381602109 -37.783145 144.941470
1381602110 -37.783015 144.941483
1381602111 -37.782933 144.941481
1381602112 -37.782870 144.941513
1381602113 -37.782758 144.941528
1381602114 -37.782537 144.941562
1381602115 -37.782453 144.941577
1381602116 -37.782357 144.941624
1381602117 -37.782282 144.941653
1381602118 -37.782201 144.941696
1381602119 -37.782118 144.941718
1381602120 -37.781935 144.941817
1381602121 -37.781837 144.941870
1381602122 -37.781745 144.941911
1381602123 -37.781640 144.941925
1381602124 -37.781555 144.941950
1381602125 -37.781480 144.941945
1381602126 -37.781414 144.941971
1381602127 -37.781337 144.941969
1381602128 -37.781234 144.941982
1381602129 -37.781116 144.942014
1381602130 -37.780850 144.942062
1381602131 -37.780724 144.942082
1381602132 -37.780605 144.942107
1381602133 -37.780490 144.942139
1381602134 -37.780369 144.942122
1381602135 -37.780297 144.942138
1381602136 -37.780219 144.942139
1381602137 -37.780145 144.942149
1381602138 -37.780007 144.942173
1381602139 -37.779868 144.942197
1381602140 -37.779776 144.942216
1381602141 -37.779688 144.942229
1381602142 -37.779614 144.942241
1381602143 -37.779550 144.942240
1381602144 -37.779460 144.942269
1381602145 -37.779246 144.942310
1381602146 -37.779132 144.942334
1381602147 -37.779012 144.942350
1381602148 -37.778882 144.942341
1381602149 -37.778752 144.942320
1381602150 -37.778624 144.942338
1381602151 -37.778518 144.942373
1381602152 -37.778409 144.942422
1381602153 -37.778304 144.942434
1381602154 -37.778186 144.942484
1381602155 -37.778089 144.942522
1381602156 -37.777970 144.942527
1381602157 -37.777872 144.942566
1381602158 -37.777772 144.942586
1381602159 -37.777671 144.942605
1381602160 -37.777550 144.942640
1381602161 -37.777436 144.942672
1381602162 -37.777319 144.942690
1381602163 -37.777202 144.942761
1381602164 -37.777100 144.942788
1381602165 -37.777011 144.942841
1381602166 -37.776920 144.942834
1381602167 -37.776796 144.942882
1381602168 -37.776705 144.942908
1381602169 -37.776594 144.942919
1381602170 -37.776513 144.942928
1381602171 -37.776424 144.942933
1381602172 -37.776343 144.942951
1381602173 -37.776266 144.942954
1381602174 -37.776224 144.942962
1381602175 -37.776158 144.942957
1381602176 -37.776102 144.942962
1381602177 -37.776037 144.942973
1381602178 -37.775962 144.942977
1381602179 -37.775967 144.943004
1381602180 -37.775923 144.943004
1381602181 -37.775917 144.943026
1381602182 -37.775902 144.943044
1381602183 -37.775911 144.943114
1381602184 -37.775906 144.943201
1381602185 -37.775924 144.943322
1381602186 -37.775933 144.943412
1381602187 -37.775948 144.943552
1381602188 -37.775952 144.943691
1381602189 -37.775969 144.943847
1381602190 -37.775987 144.943974
1381602191 -37.776002 144.944074
1381602192 -37.776005 144.944185
1381602193 -37.776020 144.944288
1381602194 -37.776091 144.944569
1381602195 -37.776102 144.944636
1381602196 -37.776114 144.944746
1381602197 -37.776137 144.944802
1381602198 -37.776170 144.944996
1381602199 -37.776180 144.945013
1381602200 -37.776148 144.945057
1381602201 -37.776152 144.945095
1381602202 -37.775978 144.945166
1381602203 -37.775907 144.945185
1381602204 -37.775845 144.945178
1381602205 -37.775780 144.945183
1381602206 -37.775701 144.945204
1381602207 -37.775598 144.945213
1381602208 -37.775544 144.945239
1381602209 -37.775480 144.945254
1381602210 -37.775454 144.945254
1381602211 -37.775437 144.945251
1381602212 -37.775433 144.945247
1381602213 -37.775441 144.945254
1381602214 -37.775427 144.945250
1381602215 -37.775437 144.945248
1381602216 -37.775427 144.945269
1381602217 -37.775425 144.945265
1381602218 -37.775420 144.945261
1381602219 -37.775436 144.945268
1381602220 -37.775417 144.945261
1381602221 -37.775418 144.945282
1381602222 -37.775410 144.945264
1381602223 -37.775407 144.945265
1381602224 -37.775403 144.945264
1381602225 -37.775414 144.945264
1381602226 -37.775391 144.945271
1381602227 -37.775401 144.945272
1381602228 -37.775394 144.945270
1381602229 -37.775369 144.945296
1381602230 -37.775331 144.945311
1381602231 -37.775326 144.945396
1381602232 -37.775301 144.945473
1381602233 -37.775290 144.945543
1381602234 -37.775318 144.945782
1381602235 -37.775327 144.945873
1381602236 -37.775327 144.945956
1381602237 -37.775349 144.946043
1381602238 -37.775388 144.946353
1381602239 -37.775419 144.946516
1381602240 -37.775426 144.946662
1381602241 -37.775444 144.946799
1381602242 -37.775462 144.946946
1381602243 -37.775480 144.947046
1381602244 -37.775488 144.947157
1381602245 -37.775500 144.947251
1381602246 -37.775533 144.947558
1381602247 -37.775548 144.947713
1381602248 -37.775552 144.947844
1381602249 -37.775570 144.947978
1381602250 -37.775584 144.948133
1381602251 -37.775595 144.948264
1381602252 -37.775624 144.948402
1381602253 -37.775646 144.948510
1381602254 -37.775661 144.948631
1381602255 -37.775662 144.948761
1381602256 -37.775657 144.948890
1381602257 -37.775642 144.948910
1381602258 -37.775635 144.948924
1381602259 -37.775627 144.948938
1381602260 -37.775490 144.948836
1381602261 -37.775407 144.948850
1381602262 -37.775324 144.948865
1381602263 -37.775246 144.948880
1381602264 -37.775174 144.948892
1381602265 -37.775046 144.948917
1381602266 -37.774914 144.948939
1381602267 -37.774802 144.948947
1381602268 -37.774723 144.948961
1381602269 -37.774712 144.948956
1381602270 -37.774701 144.948970
1381602271 -37.774465 144.949008
1381602272 -37.774380 144.949016
1381602273 -37.774290 144.949028
1381602274 -37.774168 144.949056
1381602275 -37.774068 144.949087
1381602276 -37.773950 144.949080
1381602277 -37.773837 144.949100
1381602278 -37.773723 144.949100
1381602279 -37.773601 144.949107
1381602280 -37.773525 144.949101
1381602281 -37.773457 144.949108
1381602282 -37.773390 144.949120
1381602283 -37.773163 144.949186
1381602284 -37.773064 144.949212
1381602285 -37.772946 144.949253
1381602286 -37.772833 144.949270
1381602287 -37.772723 144.949307
1381602288 -37.772617 144.949350
1381602289 -37.772501 144.949394
1381602290 -37.772382 144.949420
1381602291 -37.772265 144.949441
1381602292 -37.772165 144.949458
1381602293 -37.772057 144.949482
1381602294 -37.771965 144.949509
1381602295 -37.771885 144.949516
1381602296 -37.771769 144.949546
1381602297 -37.771674 144.949558
1381602298 -37.771591 144.949552
1381602299 -37.771504 144.949555
1381602300 -37.771405 144.949563
1381602301 -37.771304 144.949567
1381602302 -37.771247 144.949569
1381602303 -37.771190 144.949593
1381602304 -37.771135 144.949605
1381602305 -37.770982 144.949660
1381602306 -37.770900 144.949668
1381602307 -37.770819 144.949680
1381602308 -37.770741 144.949705
1381602309 -37.770660 144.949734
1381602310 -37.770573 144.949734
1381602311 -37.770487 144.949744
1381602312 -37.770451 144.949747
1381602313 -37.770390 144.949745
1381602314 -37.770364 144.949754
1381602315 -37.770329 144.949760
1381602316 -37.770326 144.949743
1381602317 -37.770322 144.949782
1381602318 -37.770328 144.949762
1381602319 -37.770336 144.949762
1381602320 -37.770348 144.949759
1381602321 -37.770334 144.949760
1381602322 -37.770340 144.949763
1381602323 -37.770342 144.949767
1381602324 -37.770344 144.949771
1381602325 -37.770364 144.949764
1381602326 -37.770352 144.949770
1381602327 -37.770348 144.949770
1381602328 -37.770359 144.949775
1381602329 -37.770353 144.949763
1381602330 -37.770349 144.949766
1381602331 -37.770336 144.949769
1381602332 -37.770354 144.949776
1381602333 -37.770335 144.949743
1381602334 -37.770319 144.949770
1381602335 -37.770342 144.949756
1381602336 -37.770339 144.949768
1381602337 -37.770345 144.949757
1381602338 -37.770325 144.949768
1381602339 -37.770342 144.949758
1381602340 -37.770339 144.949765
1381602341 -37.770338 144.949752
1381602342 -37.770333 144.949756
1381602343 -37.770339 144.949756
1381602344 -37.770347 144.949758
1381602345 -37.770343 144.949755
1381602346 -37.770338 144.949749
1381602347 -37.770339 144.949760
1381602348 -37.770336 144.949751
1381602349 -37.770318 144.949747
1381602350 -37.770284 144.949749
1381602351 -37.770247 144.949717
1381602352 -37.770273 144.949738
1381602353 -37.770269 144.949740
1381602354 -37.770134 144.949395
1381602355 -37.770117 144.949297
1381602356 -37.770103 144.949199
1381602357 -37.770115 144.949097
1381602358 -37.770085 144.948978
1381602359 -37.770074 144.948924
1381602360 -37.770067 144.948887
1381602361 -37.770050 144.948819
1381602362 -37.770053 144.948767
1381602363 -37.770040 144.948713
1381602364 -37.770045 144.948633
1381602365 -37.770040 144.948560
1381602366 -37.770038 144.948535
1381602367 -37.770034 144.948514
1381602368 -37.770030 144.948490
1381602369 -37.770009 144.948205
1381602370 -37.769983 144.948063
1381602371 -37.769959 144.947939
1381602372 -37.769932 144.947820
1381602373 -37.769909 144.947706
1381602374 -37.769901 144.947530
1381602375 -37.769876 144.947352
1381602376 -37.769864 144.947208
1381602377 -37.769851 144.947051
1381602378 -37.769842 144.946889
1381602379 -37.769827 144.946728
1381602380 -37.769819 144.946571
1381602381 -37.769808 144.946424
1381602382 -37.769781 144.946264
1381602383 -37.769753 144.946104
1381602384 -37.769743 144.946006
1381602385 -37.769733 144.945905
1381602386 -37.769723 144.945806
1381602387 -37.769710 144.945665
1381602388 -37.769680 144.945514
1381602389 -37.769634 144.945178
1381602390 -37.769625 144.945071
1381602391 -37.769606 144.944974
1381602392 -37.769592 144.944868
1381602393 -37.769607 144.944739
1381602394 -37.769584 144.944609
1381602395 -37.769556 144.944452
1381602396 -37.769550 144.944293
1381602397 -37.769521 144.944154
1381602398 -37.769510 144.944005
1381602399 -37.769480 144.943734
1381602400 -37.769473 144.943721
1381602401 -37.769461 144.943734
1381602402 -37.769401 144.943563
1381602403 -37.769351 144.943388
1381602404 -37.769266 144.943261
1381602405 -37.769132 144.943128
1381602406 -37.769072 144.943061
1381602407 -37.768991 144.943004
1381602408 -37.768878 144.942977
1381602409 -37.768806 144.942931
1381602410 -37.768698 144.942925
1381602411 -37.768586 144.942922
1381602412 -37.768514 144.942940
1381602413 -37.768424 144.942968
1381602414 -37.768317 144.942992
1381602415 -37.768225 144.943005
1381602416 -37.768114 144.943008
1381602417 -37.768038 144.943022
1381602418 -37.767920 144.943010
1381602419 -37.767834 144.943031
1381602420 -37.767737 144.943041
1381602421 -37.767638 144.943073
1381602422 -37.767543 144.943096
1381602423 -37.767447 144.943099
1381602424 -37.767321 144.943114
1381602425 -37.767190 144.943121
1381602426 -37.767087 144.943147
1381602427 -37.766966 144.943171
1381602428 -37.766849 144.943178
1381602429 -37.766732 144.943196
1381602430 -37.766592 144.943219
1381602431 -37.766455 144.943244
1381602432 -37.766350 144.943278
1381602433 -37.766240 144.943297
1381602434 -37.766143 144.943333
1381602435 -37.766070 144.943364
1381602436 -37.766003 144.943397
1381602437 -37.765934 144.943422
1381602438 -37.765866 144.943488
1381602439 -37.765803 144.943523
1381602440 -37.765719 144.943563
1381602441 -37.765680 144.943560
1381602442 -37.765629 144.943572
1381602443 -37.765346 144.943628
1381602444 -37.765266 144.943640
1381602445 -37.765179 144.943651
1381602446 -37.765108 144.943674
1381602447 -37.765029 144.943690
1381602448 -37.764991 144.943692
1381602449 -37.764952 144.943688
1381602450 -37.764948 144.943681
1381602451 -37.764956 144.943694
1381602452 -37.764965 144.943660
1381602453 -37.764938 144.943669
1381602454 -37.764937 144.943664
1381602455 -37.764933 144.943669
1381602456 -37.764923 144.943679
1381602457 -37.764901 144.943690
1381602458 -37.764881 144.943701
1381602459 -37.764875 144.943705
1381602460 -37.764858 144.943713
1381602461 -37.764855 144.943718
1381602462 -37.764835 144.943729
1381602463 -37.764825 144.943743
1381602464 -37.764831 144.943725
1381602465 -37.764832 144.943749
1381602466 -37.764834 144.943737
1381602467 -37.764817 144.943744
1381602468 -37.764834 144.943748
1381602469 -37.764821 144.943754
1381602470 -37.764825 144.943866
1381602471 -37.764828 144.943963
1381602472 -37.764837 144.944050
1381602473 -37.764844 144.944131
1381602474 -37.764858 144.944225
1381602475 -37.764886 144.944321
1381602476 -37.764894 144.944413
1381602477 -37.764909 144.944503
1381602478 -37.764917 144.944542
1381602479 -37.764930 144.944570
1381602480 -37.764924 144.944617
1381602481 -37.764927 144.944631
1381602482 -37.764928 144.944648
1381602483 -37.764936 144.944651
1381602484 -37.764948 144.944661
1381602485 -37.764984 144.944682
1381602486 -37.764993 144.944689
1381602487 -37.765012 144.944698
1381602488 -37.765049 144.944693
1381602489 -37.765084 144.944686
1381602490 -37.765117 144.944683
1381602491 -37.765150 144.944676
1381602492 -37.765191 144.944661
1381602493 -37.765227 144.944663
1381602494 -37.765273 144.944654
1381602495 -37.765338 144.944646
1381602496 -37.765392 144.944637
1381602497 -37.765450 144.944632
1381602498 -37.765506 144.944618
1381602499 -37.765555 144.944611
1381602500 -37.765596 144.944600
1381602501 -37.765636 144.944598
1381602502 -37.765661 144.944594
1381602503 -37.765685 144.944590
1381602504 -37.765710 144.944586
1381602505 -37.765734 144.944582
1381602506 -37.765749 144.944620
1381602507 -37.765751 144.944659
1381602508 -37.765759 144.944714
1381602509 -37.765772 144.944754
1381602510 -37.765772 144.944783
1381602511 -37.765776 144.944793
1381602512 -37.765798 144.944812
1381602513 -37.765779 144.944820
1381602514 -37.765786 144.944821
1381602515 -37.765772 144.944812
1381602516 -37.765778 144.944822
1381602517 -37.765781 144.944826
1381602518 -37.765783 144.944824
1381602519 -37.765769 144.944828
1381602520 -37.765779 144.944822
1381602521 -37.765787 144.944807
1381602522 -37.765774 144.944823
1381602523 -37.765788 144.944820
1381602524 -37.765782 144.944820
1381602525 -37.765767 144.944834
1381602526 -37.765781 144.944826
1381602527 -37.765769 144.944813
1381602528 -37.765778 144.944825
1381602529 -37.765783 144.944826
1381602530 -37.765771 144.944835
1381602531 -37.765779 144.944819
1381602532 -37.765778 144.944810
1381602533 -37.765787 144.944819
1381602534 -37.765780 144.944836
1381602535 -37.765791 144.944827
1381602536 -37.765770 144.944828
1381602537 -37.765767 144.944826
1381602538 -37.765806 144.944835
1381602539 -37.765784 144.944821
1381602540 -37.765771 144.944815
1381602541 -37.765757 144.944840
1381602542 -37.765780 144.944830
1381602543 -37.765768 144.944816
1381602544 -37.765778 144.944829
1381602545 -37.765773 144.944826
1381602546 -37.765794 144.944838
1381602547 -37.765779 144.944841
1381602548 -37.765776 144.944828
1381602549 -37.765773 144.944823
1381602550 -37.765805 144.944826
1381602551 -37.765785 144.944837
1381602552 -37.765782 144.944831
1381602553 -37.765773 144.944819
1381602554 -37.765783 144.944843
1381602555 -37.765784 144.944837
1381602556 -37.765780 144.944846
1381602557 -37.765788 144.944814
1381602558 -37.765779 144.944839
1381602559 -37.765780 144.944832
1381602560 -37.765774 144.944847
1381602561 -37.765777 144.944844
1381602562 -37.765785 144.944838
1381602563 -37.765782 144.944836
1381602564 -37.765782 144.944833
1381602565 -37.765780 144.944834
1381602566 -37.765793 144.944841
1381602567 -37.765770 144.944841
1381602568 -37.765777 144.944838
1381602569 -37.765781 144.944836
1381602570 -37.765790 144.944812
1381602571 -37.765780 144.944840
1381602572 -37.765775 144.944847
1381602573 -37.765782 144.944844
1381602574 -37.765767 144.944827
1381602575 -37.765777 144.944839
1381602576 -37.765779 144.944842
1381602577 -37.765779 144.944831
1381602578 -37.765784 144.944846
1381602579 -37.765785 144.944835
1381602580 -37.765783 144.944851
1381602581 -37.765781 144.944842
1381602582 -37.765761 144.944847
1381602583 -37.765777 144.944835
1381602584 -37.765790 144.944847
1381602585 -37.765772 144.944855
1381602586 -37.765781 144.944831
1381602587 -37.765779 144.944845
1381602588 -37.765771 144.944852
1381602589 -37.765784 144.944845
1381602590 -37.765788 144.944849
1381602591 -37.765783 144.944840
1381602592 -37.765787 144.944858
1381602593 -37.765784 144.944845
1381602594 -37.765781 144.944844
1381602595 -37.765787 144.944848
1381602596 -37.765773 144.944857
1381602597 -37.765772 144.944834
1381602598 -37.765782 144.944848
1381602599 -37.765779 144.944851
1381602600 -37.765778 144.944843
1381602601 -37.765785 144.944842
1381602602 -37.765783 144.944849
1381602603 -37.765776 144.944842
1381602604 -37.765782 144.944843
1381602605 -37.765784 144.944852
1381602606 -37.765777 144.944854
1381602607 -37.765788 144.944858
1381602608 -37.765770 144.944857
1381602609 -37.765783 144.944849
1381602610 -37.765796 144.944851
1381602611 -37.765779 144.944854
1381602612 -37.765783 144.944849
1381602613 -37.765772 144.944832
1381602614 -37.765793 144.944866
1381602615 -37.765799 144.944858
1381602616 -37.765779 144.944855
1381602617 -37.765796 144.944857
1381602618 -37.765781 144.944846
1381602619 -37.765784 144.944860
1381602620 -37.765783 144.944855
1381602621 -37.765797 144.944841
1381602622 -37.765796 144.944857
1381602623 -37.765784 144.944855
1381602624 -37.765789 144.944853
1381602625 -37.765782 144.944855
1381602626 -37.765782 144.944855
1381602627 -37.765775 144.944855
1381602628 -37.765779 144.944865
1381602629 -37.765775 144.944851
1381602630 -37.765781 144.944859
1381602631 -37.765783 144.944859
1381602632 -37.765789 144.944866
1381602633 -37.765780 144.944856
1381602634 -37.765782 144.944862
1381602635 -37.765784 144.944860
1381602636 -37.765787 144.944851
1381602637 -37.765764 144.944844
1381602638 -37.765786 144.944862
1381602639 -37.765792 144.944873
1381602640 -37.765784 144.944862
1381602641 -37.765784 144.944862
1381602642 -37.765788 144.944916
1381602643 -37.765796 144.944964
1381602644 -37.765810 144.945099
1381602645 -37.765831 144.945244
1381602646 -37.765840 144.945318
1381602647 -37.765848 144.945392
1381602648 -37.765858 144.945464
1381602649 -37.765867 144.945564
1381602650 -37.765882 144.945666
1381602651 -37.765893 144.945772
1381602652 -37.765910 144.945893
1381602653 -37.765938 144.946121
1381602654 -37.765963 144.946208
1381602655 -37.765959 144.946288
1381602656 -37.765969 144.946374
1381602657 -37.765987 144.946490
1381602658 -37.765988 144.946592
1381602659 -37.766010 144.946697
1381602660 -37.766035 144.946782
1381602661 -37.766051 144.946865
1381602662 -37.766090 144.946933
1381602663 -37.766125 144.947003
1381602664 -37.766166 144.947069
1381602665 -37.766245 144.947210
1381602666 -37.766259 144.947255
1381602667 -37.766281 144.947297
1381602668 -37.766300 144.947386
1381602669 -37.766312 144.947513
1381602670 -37.766317 144.947543
1381602671 -37.766339 144.947598
1381602672 -37.766330 144.947660
1381602673 -37.766350 144.947830
1381602674 -37.766367 144.947927
1381602675 -37.766374 144.948029
1381602676 -37.766381 144.948156
1381602677 -37.766399 144.948238
1381602678 -37.766407 144.948390
1381602679 -37.766429 144.948495
1381602680 -37.766445 144.948563
1381602681 -37.766445 144.948659
1381602682 -37.766451 144.948714
1381602683 -37.766461 144.948787
1381602684 -37.766470 144.948876
1381602685 -37.766479 144.948962
1381602686 -37.766489 144.949053
1381602687 -37.766489 144.949040
1381602688 -37.766503 144.949040
1381602689 -37.766487 144.949033
1381602690 -37.766484 144.949031
1381602691 -37.766509 144.949026
1381602692 -37.766466 144.949014
1381602693 -37.766484 144.949007
1381602694 -37.766470 144.949010
1381602695 -37.766485 144.949015
1381602696 -37.766481 144.949009
1381602697 -37.766477 144.949025
1381602698 -37.766487 144.949028
1381602699 -37.766482 144.949056
1381602700 -37.766477 144.949033
1381602701 -37.766493 144.949037
1381602702 -37.766488 144.949042
1381602703 -37.766482 144.949056
1381602704 -37.766476 144.949069
1381602705 -37.766285 144.949080
1381602706 -37.766106 144.949106
1381602707 -37.766057 144.949109
1381602708 -37.766012 144.949112
1381602709 -37.765960 144.949118
1381602710 -37.765923 144.949135
1381602711 -37.765861 144.949147
1381602712 -37.765838 144.949156
1381602713 -37.765836 144.949158
1381602714 -37.765828 144.949174
1381602715 -37.765821 144.949176
1381602716 -37.765793 144.949176
1381602717 -37.765804 144.949194
1381602718 -37.765781 144.949192
1381602719 -37.765713 144.949194
1381602720 -37.765675 144.949191
1381602721 -37.765622 144.949201
1381602722 -37.765585 144.949208
1381602723 -37.765537 144.949215
1381602724 -37.765516 144.949224
1381602725 -37.765481 144.949223
1381602726 -37.765472 144.949231
1381602727 -37.765480 144.949243
1381602728 -37.765475 144.949256
1381602729 -37.765479 144.949300
1381602730 -37.765466 144.949320
1381602731 -37.765454 144.949333
1381602732 -37.765444 144.949364
1381602733 -37.765428 144.949385
1381602734 -37.765409 144.949415
1381602735 -37.765402 144.949433
1381602736 -37.765395 144.949453
1381602737 -37.765447 144.949733
1381602738 -37.765468 144.949878
1381602739 -37.765499 144.950041
1381602740 -37.765529 144.950214
1381602741 -37.765562 144.950390
1381602742 -37.765575 144.950488
1381602743 -37.765597 144.950620
1381602744 -37.765619 144.950714
1381602745 -37.765651 144.951028
1381602746 -37.765674 144.951194
1381602747 -37.765692 144.951355
1381602748 -37.765706 144.951512
1381602749 -37.765727 144.951677
1381602750 -37.765742 144.951794
1381602751 -37.765760 144.951911
1381602752 -37.765773 144.952029
1381602753 -37.765830 144.952384
1381602754 -37.765853 144.952533
1381602755 -37.765867 144.952678
1381602756 -37.765888 144.952773
1381602757 -37.765885 144.952877
1381602758 -37.765904 144.952975
1381602759 -37.765934 144.953121
1381602760 -37.765963 144.953269
1381602761 -37.766000 144.953573
1381602762 -37.766016 144.953725
1381602763 -37.766036 144.953876
1381602764 -37.766065 144.954018
1381602765 -37.766066 144.954181
1381602766 -37.766069 144.954345
1381602767 -37.766090 144.954503
1381602768 -37.766110 144.954657
1381602769 -37.766139 144.954808
1381602770 -37.766154 144.954967
1381602771 -37.766180 144.955126
1381602772 -37.766209 144.955234
1381602773 -37.766205 144.955322
1381602774 -37.766218 144.955421
1381602775 -37.766239 144.955574
1381602776 -37.766261 144.955727
1381602777 -37.766275 144.955879
1381602778 -37.766298 144.956027
1381602779 -37.766324 144.956184
1381602780 -37.766335 144.956338
1381602781 -37.766370 144.956622
1381602782 -37.766379 144.956723
1381602783 -37.766392 144.956804
1381602784 -37.766404 144.956906
1381602785 -37.766452 144.957278
1381602786 -37.766461 144.957387
1381602787 -37.766473 144.957484
1381602788 -37.766488 144.957586
1381602789 -37.766510 144.957743
1381602790 -37.766527 144.957906
1381602791 -37.766549 144.958074
1381602792 -37.766566 144.958228
1381602793 -37.766575 144.958353
1381602794 -37.766594 144.958475
1381602795 -37.766612 144.958653
1381602796 -37.766630 144.958846
1381602797 -37.766667 144.959136
1381602798 -37.766700 144.959286
1381602799 -37.766701 144.959408
1381602800 -37.766728 144.959499
1381602801 -37.766713 144.959587
1381602802 -37.766735 144.959675
1381602803 -37.766748 144.959811
1381602804 -37.766758 144.959933
1381602805 -37.766768 144.960039
1381602806 -37.766783 144.960142
1381602807 -37.766793 144.960249
1381602808 -37.766835 144.960493
1381602809 -37.766849 144.960631
1381602810 -37.766870 144.960748
1381602811 -37.766867 144.960855
1381602812 -37.766896 144.960981
1381602813 -37.766918 144.961099
1381602814 -37.766920 144.961206
1381602815 -37.766931 144.961304
1381602816 -37.766943 144.961400
1381602817 -37.766944 144.961505
1381602818 -37.766971 144.961626
1381602819 -37.766980 144.961695
1381602820 -37.766992 144.961768
1381602821 -37.766997 144.961840
1381602822 -37.767008 144.961925
1381602823 -37.767006 144.961931
1381602824 -37.767020 144.961992
1381602825 -37.767014 144.961982
1381602826 -37.767021 144.961994
1381602827 -37.767010 144.962017
1381602828 -37.767010 144.962016
1381602829 -37.767023 144.962013
1381602830 -37.767012 144.962013
1381602831 -37.767001 144.962035
1381602832 -37.767018 144.962004
1381602833 -37.767010 144.962022
1381602834 -37.767009 144.962021
1381602835 -37.767004 144.962013
1381602836 -37.766999 144.962035
1381602837 -37.767006 144.962030
1381602838 -37.767006 144.962019
1381602839 -37.766996 144.962017
1381602840 -37.766997 144.962023
1381602841 -37.767010 144.962023
1381602842 -37.767011 144.962026
1381602843 -37.767014 144.962020
1381602844 -37.766997 144.962014
1381602845 -37.767008 144.962021
1381602846 -37.766998 144.962017
1381602847 -37.767004 144.962021
1381602848 -37.767007 144.961997
1381602849 -37.767002 144.962018
1381602850 -37.767022 144.962024
1381602851 -37.766997 144.962029
1381602852 -37.767005 144.962020
1381602853 -37.766987 144.962024
1381602854 -37.767000 144.962019
1381602855 -37.767003 144.962020
1381602856 -37.767007 144.962028
1381602857 -37.767036 144.962015
1381602858 -37.766989 144.962022
1381602859 -37.767005 144.962016
1381602860 -37.766989 144.962031
1381602861 -37.766999 144.962023
1381602862 -37.766986 144.962033
1381602863 -37.767000 144.962024
1381602864 -37.767001 144.962023
1381602865 -37.766997 144.962030
1381602866 -37.767001 144.962020
1381602867 -37.767006 144.962043
1381602868 -37.767000 144.962017
1381602869 -37.767012 144.962028
1381602870 -37.766996 144.962032
1381602871 -37.767010 144.962036
1381602872 -37.767011 144.962021
1381602873 -37.766989 144.962032
1381602874 -37.766999 144.962021
1381602875 -37.766993 144.962025
1381602876 -37.767010 144.962011
1381602877 -37.766986 144.962026
1381602878 -37.766990 144.962003
1381602879 -37.766996 144.962019
1381602880 -37.766996 144.962023
1381602881 -37.767004 144.962020
1381602882 -37.766985 144.962028
1381602883 -37.766995 144.962023
1381602884 -37.766998 144.962033
1381602885 -37.767008 144.962033
1381602886 -37.767018 144.962023
1381602887 -37.766992 144.962030
1381602888 -37.766991 144.962022
1381602889 -37.766991 144.962027
1381602890 -37.766988 144.962037
1381602891 -37.766992 144.962038
1381602892 -37.767001 144.962046
1381602893 -37.766995 144.962052
1381602894 -37.766994 144.962054
1381602895 -37.766967 144.962076
1381602896 -37.766978 144.962080
1381602897 -37.766953 144.962098
1381602898 -37.766944 144.962104
1381602899 -37.766879 144.962121
1381602900 -37.766824 144.962107
1381602901 -37.766786 144.962134
1381602902 -37.766522 144.962144
1381602903 -37.766463 144.962161
1381602904 -37.766418 144.962175
1381602905 -37.766371 144.962187
1381602906 -37.766310 144.962214
1381602907 -37.766253 144.962239
1381602908 -37.766133 144.962240
1381602909 -37.766114 144.962244
1381602910 -37.766078 144.962242
1381602911 -37.766067 144.962247
1381602912 -37.765811 144.962336
1381602913 -37.765743 144.962353
1381602914 -37.765680 144.962359
1381602915 -37.765664 144.962382
1381602916 -37.765647 144.962365
1381602917 -37.765633 144.962368
1381602918 -37.765637 144.962373
1381602919 -37.765622 144.962373
1381602920 -37.765626 144.962379
1381602921 -37.765610 144.962371
1381602922 -37.765597 144.962368
1381602923 -37.765590 144.962375
1381602924 -37.765575 144.962390
1381602925 -37.765564 144.962380
1381602926 -37.765530 144.962386
1381602927 -37.765511 144.962388
1381602928 -37.765497 144.962391
1381602929 -37.765497 144.962463
1381602930 -37.765500 144.962537
1381602931 -37.765493 144.962601
1381602932 -37.765504 144.962675
1381602933 -37.765496 144.962751
1381602934 -37.765511 144.962950
1381602935 -37.765545 144.963141
1381602936 -37.765557 144.963223
1381602937 -37.765578 144.963305
1381602938 -37.765595 144.963478
1381602939 -37.765620 144.963658
1381602940 -37.765608 144.963757
1381602941 -37.765643 144.963856
1381602942 -37.765653 144.963963
1381602943 -37.765667 144.964108
1381602944 -37.765684 144.964253
1381602945 -37.765703 144.964405
1381602946 -37.765719 144.964585
1381602947 -37.765747 144.964905
1381602948 -37.765761 144.965060
1381602949 -37.765774 144.965216
1381602950 -37.765785 144.965327
1381602951 -37.765798 144.965443
1381602952 -37.765807 144.965555
1381602953 -37.765834 144.965707
1381602954 -37.765846 144.965842
1381602955 -37.765872 144.966004
1381602956 -37.765882 144.966171
1381602957 -37.765920 144.966482
1381602958 -37.765939 144.966661
1381602959 -37.765954 144.966824
1381602960 -37.765962 144.966938
1381602961 -37.765970 144.967035
1381602962 -37.765992 144.967155
1381602963 -37.766009 144.967307
1381602964 -37.766026 144.967462
1381602965 -37.766040 144.967620
1381602966 -37.766058 144.967774
1381602967 -37.766071 144.967990
1381602968 -37.766103 144.968214
1381602969 -37.766120 144.968297
1381602970 -37.766100 144.968400
1381602971 -37.766103 144.968488
1381602972 -37.766130 144.968671
1381602973 -37.766160 144.968876
1381602974 -37.766188 144.969202
1381602975 -37.766198 144.969308
1381602976 -37.766246 144.969431
1381602977 -37.766233 144.969547
1381602978 -37.766262 144.969714
1381602979 -37.766265 144.969885
1381602980 -37.766288 144.970049
1381602981 -37.766301 144.970226
1381602982 -37.766336 144.970544
1381602983 -37.766351 144.970676
1381602984 -37.766371 144.970804
1381602985 -37.766373 144.970936
1381602986 -37.766409 144.971234
1381602987 -37.766424 144.971317
1381602988 -37.766428 144.971384
1381602989 -37.766434 144.971456
1381602990 -37.766454 144.971595
1381602991 -37.766460 144.971739
1381602992 -37.766474 144.971826
1381602993 -37.766475 144.971898
1381602994 -37.766481 144.971928
1381602995 -37.766481 144.971961
1381602996 -37.766486 144.971949
1381602997 -37.766473 144.971946
1381602998 -37.766481 144.971951
1381602999 -37.766499 144.971961
1381603000 -37.766469 144.971935
1381603001 -37.766462 144.971937
1381603002 -37.766479 144.971938
1381603003 -37.766478 144.971935
1381603004 -37.766493 144.971929
1381603005 -37.766476 144.971911
1381603006 -37.766474 144.971925
1381603007 -37.766477 144.971933
1381603008 -37.766476 144.971942
1381603009 -37.766474 144.971934
1381603010 -37.766496 144.971948
1381603011 -37.766479 144.971949
1381603012 -37.766481 144.971952
1381603013 -37.766481 144.971963
1381603014 -37.766490 144.971990
1381603015 -37.766486 144.972028
1381603016 -37.766492 144.972161
1381603017 -37.766494 144.972296
1381603018 -37.766491 144.972431
1381603019 -37.766512 144.972527
1381603020 -37.766525 144.972640
1381603021 -37.766524 144.972751
1381603022 -37.766538 144.972827
1381603023 -37.766537 144.972886
1381603024 -37.766544 144.972954
1381603025 -37.766561 144.973164
1381603026 -37.766576 144.973278
1381603027 -37.766590 144.973397
1381603028 -37.766585 144.973516
1381603029 -37.766608 144.973640
1381603030 -37.766625 144.973759
1381603031 -37.766643 144.973902
1381603032 -37.766677 144.974042
1381603033 -37.766707 144.974176
1381603034 -37.766713 144.974284
1381603035 -37.766747 144.974419
1381603036 -37.766768 144.974599
1381603037 -37.766779 144.974729
1381603038 -37.766777 144.974841
1381603039 -37.766801 144.974948
1381603040 -37.766817 144.975025
1381603041 -37.766809 144.975110
1381603042 -37.766827 144.975193
1381603043 -37.766850 144.975418
1381603044 -37.766864 144.975554
1381603045 -37.766877 144.975686
1381603046 -37.766889 144.975771
1381603047 -37.766896 144.975865
1381603048 -37.766904 144.975946
1381603049 -37.766910 144.976083
1381603050 -37.766903 144.976197
1381603051 -37.766892 144.976446
1381603052 -37.766894 144.976595
1381603053 -37.766910 144.976746
1381603054 -37.766917 144.976822
1381603055 -37.766925 144.976903
1381603056 -37.766936 144.976978
1381603057 -37.766957 144.977209
1381603058 -37.766962 144.977300
1381603059 -37.766970 144.977396
1381603060 -37.766977 144.977486
1381603061 -37.766990 144.977606
1381603062 -37.767001 144.977725
1381603063 -37.767005 144.977842
1381603064 -37.767053 144.977949
1381603065 -37.767062 144.978068
1381603066 -37.767083 144.978182
1381603067 -37.767090 144.978301
1381603068 -37.767102 144.978422
1381603069 -37.767145 144.978658
1381603070 -37.767151 144.978727
1381603071 -37.767166 144.978804
1381603072 -37.767180 144.978870
1381603073 -37.767213 144.979096
1381603074 -37.767217 144.979158
1381603075 -37.767229 144.979247
1381603076 -37.767240 144.979296
1381603077 -37.767241 144.979378
1381603078 -37.767255 144.979449
1381603079 -37.767251 144.979529
1381603080 -37.767270 144.979597
1381603081 -37.767274 144.979629
1381603082 -37.767286 144.979681
1381603083 -37.767281 144.979697
1381603084 -37.767274 144.979702
1381603085 -37.767277 144.979696
1381603086 -37.767271 144.979707
1381603087 -37.767266 144.979718
1381603088 -37.767262 144.979753
1381603089 -37.767258 144.979760
1381603090 -37.767260 144.979762
1381603091 -37.767260 144.979784
1381603092 -37.767258 144.979787
1381603093 -37.767264 144.979787
1381603094 -37.767256 144.979803
1381603095 -37.767262 144.979799
1381603096 -37.767263 144.979803
1381603097 -37.767249 144.979794
1381603098 -37.767264 144.979813
1381603099 -37.767255 144.979821
1381603100 -37.767276 144.979834
1381603101 -37.767270 144.979827
1381603102 -37.767265 144.979824
1381603103 -37.767256 144.979835
1381603104 -37.767267 144.979819
1381603105 -37.767268 144.979858
1381603106 -37.767268 144.979846
1381603107 -37.767266 144.979845
1381603108 -37.767273 144.979859
1381603109 -37.767266 144.979860
1381603110 -37.767263 144.979861
1381603111 -37.767266 144.979859
1381603112 -37.767263 144.979858
1381603113 -37.767271 144.979861
1381603114 -37.767273 144.979871
1381603115 -37.767276 144.979880
1381603116 -37.767270 144.979882
1381603117 -37.767285 144.979861
1381603118 -37.767272 144.979891
1381603119 -37.767264 144.979892
1381603120 -37.767263 144.979892
1381603121 -37.767260 144.979900
1381603122 -37.767287 144.979896
1381603123 -37.767274 144.979890
1381603124 -37.767276 144.979912
1381603125 -37.767278 144.979916
1381603126 -37.767274 144.980018
1381603127 -37.767266 144.980076
1381603128 -37.767270 144.980146
1381603129 -37.767255 144.980209
1381603130 -37.767263 144.980240
1381603131 -37.767253 144.980273
1381603132 -37.767331 144.980667
1381603133 -37.767349 144.980778
1381603134 -37.767369 144.980885
1381603135 -37.767396 144.980982
1381603136 -37.767415 144.981098
1381603137 -37.767400 144.981227
1381603138 -37.767407 144.981359
1381603139 -37.767392 144.981489
1381603140 -37.767373 144.981766
1381603141 -37.767360 144.981874
1381603142 -37.767348 144.981987
1381603143 -37.767337 144.982098
1381603144 -37.767330 144.982427
1381603145 -37.767338 144.982534
1381603146 -37.767314 144.982613
1381603147 -37.767311 144.982721
1381603148 -37.767299 144.983018
1381603149 -37.767284 144.983171
1381603150 -37.767308 144.983305
1381603151 -37.767321 144.983435
1381603152 -37.767324 144.983566
1381603153 -37.767333 144.983668
1381603154 -37.767345 144.983768
1381603155 -37.767362 144.983866
1381603156 -37.767390 144.984012
1381603157 -37.767412 144.984153
1381603158 -37.767443 144.984305
1381603159 -37.767455 144.984434
1381603160 -37.767503 144.984578
1381603161 -37.767511 144.984724
1381603162 -37.767538 144.984999
1381603163 -37.767546 144.985155
1381603164 -37.767543 144.985279
1381603165 -37.767547 144.985444
1381603166 -37.767553 144.985591
1381603167 -37.767575 144.985696
1381603168 -37.767578 144.985786
1381603169 -37.767621 144.985907
1381603170 -37.767617 144.986111
1381603171 -37.767678 144.986316
1381603172 -37.767673 144.986489
1381603173 -37.767674 144.986660
1381603174 -37.767676 144.986774
1381603175 -37.767705 144.986863
1381603176 -37.767747 144.987016
1381603177 -37.767771 144.987176
1381603178 -37.767788 144.987249
1381603179 -37.767784 144.987326
1381603180 -37.767807 144.987406
1381603181 -37.767826 144.987526
1381603182 -37.767846 144.987646
1381603183 -37.767900 144.987902
1381603184 -37.767937 144.988032
1381603185 -37.767962 144.988161
1381603186 -37.767990 144.988299
1381603187 -37.768009 144.988428
1381603188 -37.768025 144.988558
1381603189 -37.768044 144.988723
1381603190 -37.768043 144.988858
1381603191 -37.768062 144.989004
1381603192 -37.768079 144.989086
1381603193 -37.768083 144.989188
1381603194 -37.768097 144.989279
1381603195 -37.768125 144.989424
1381603196 -37.768148 144.989557
1381603197 -37.768190 144.989837
1381603198 -37.768206 144.989921
1381603199 -37.768222 144.989999
1381603200 -37.768228 144.990087
1381603201 -37.768260 144.990291
1381603202 -37.768259 144.990328
1381603203 -37.768273 144.990382
1381603204 -37.768274 144.990407
1381603205 -37.768281 144.990424
1381603206 -37.768281 144.990439
1381603207 -37.768286 144.990471
1381603208 -37.768296 144.990476
1381603209 -37.768287 144.990479
1381603210 -37.768286 144.990494
1381603211 -37.768292 144.990492
1381603212 -37.768286 144.990490
1381603213 -37.768277 144.990492
1381603214 -37.768277 144.990500
1381603215 -37.768309 144.990490
1381603216 -37.768303 144.990507
1381603217 -37.768293 144.990506
1381603218 -37.768292 144.990507
1381603219 -37.768289 144.990520
1381603220 -37.768289 144.990521
1381603221 -37.768287 144.990524
1381603222 -37.768291 144.990530
1381603223 -37.768289 144.990536
1381603224 -37.768292 144.990539
1381603225 -37.768295 144.990542
1381603226 -37.768308 144.990543
1381603227 -37.768290 144.990537
1381603228 -37.768284 144.990541
1381603229 -37.768295 144.990555
1381603230 -37.768299 144.990590
1381603231 -37.768311 144.990699
1381603232 -37.768326 144.990794
1381603233 -37.768338 144.990898
1381603234 -37.768346 144.990948
1381603235 -37.768352 144.990984
1381603236 -37.768357 144.991019
1381603237 -37.768366 144.991071
1381603238 -37.768360 144.991137
1381603239 -37.768360 144.991164
1381603240 -37.768295 144.991199
1381603241 -37.768235 144.991224
1381603242 -37.768163 144.991238
1381603243 -37.768090 144.991274
1381603244 -37.767870 144.991312
1381603245 -37.767790 144.991337
1381603246 -37.767717 144.991354
1381603247 -37.767630 144.991384
1381603248 -37.767373 144.991449
1381603249 -37.767298 144.991458
1381603250 -37.767194 144.991467
1381603251 -37.767117 144.991480
1381603252 -37.766992 144.991517
1381603253 -37.766855 144.991557
1381603254 -37.766740 144.991572
1381603255 -37.766627 144.991612
1381603256 -37.766502 144.991653
1381603257 -37.766378 144.991698
1381603258 -37.766258 144.991737
1381603259 -37.766125 144.991770
1381603260 -37.765849 144.991791
1381603261 -37.765728 144.991811
1381603262 -37.765609 144.991824
1381603263 -37.765481 144.991843
1381603264 -37.765334 144.991883
1381603265 -37.765216 144.991911
1381603266 -37.765103 144.991925
1381603267 -37.764949 144.991955
1381603268 -37.764806 144.991977
1381603269 -37.764682 144.991989
1381603270 -37.764553 144.992030
1381603271 -37.764425 144.992056
1381603272 -37.764310 144.992068
1381603273 -37.764231 144.992085
1381603274 -37.764145 144.992108
1381603275 -37.764045 144.992125
1381603276 -37.763944 144.992135
1381603277 -37.763819 144.992157
1381603278 -37.763542 144.992202
1381603279 -37.763443 144.992230
1381603280 -37.763358 144.992252
1381603281 -37.763261 144.992274
1381603282 -37.763145 144.992311
1381603283 -37.762999 144.992344
1381603284 -37.762890 144.992370
1381603285 -37.762781 144.992395
1381603286 -37.762495 144.992430
1381603287 -37.762412 144.992454
1381603288 -37.762326 144.992468
1381603289 -37.762235 144.992494
1381603290 -37.761973 144.992528
1381603291 -37.761879 144.992523
1381603292 -37.761783 144.992535
1381603293 -37.761692 144.992536
1381603294 -37.761448 144.992580
1381603295 -37.761323 144.992610
1381603296 -37.761218 144.992643
1381603297 -37.761136 144.992669
1381603298 -37.761049 144.992676
1381603299 -37.760965 144.992693
1381603300 -37.760738 144.992773
1381603301 -37.760602 144.992788
1381603302 -37.760484 144.992810
1381603303 -37.760368 144.992831
1381603304 -37.760233 144.992867
1381603305 -37.760156 144.992875
1381603306 -37.760073 144.992894
1381603307 -37.760011 144.992903
1381603308 -37.759893 144.992924
1381603309 -37.759765 144.992941
1381603310 -37.759718 144.992950
1381603311 -37.759671 144.992960
1381603312 -37.759624 144.992968
1381603313 -37.759490 144.992984
1381603314 -37.759428 144.992994
1381603315 -37.759361 144.993003
1381603316 -37.759301 144.993013
1381603317 -37.759240 144.993025
1381603318 -37.759160 144.993045
1381603319 -37.759097 144.993051
1381603320 -37.759016 144.993064
1381603321 -37.758950 144.993083
1381603322 -37.758763 144.993126
1381603323 -37.758696 144.993149
1381603324 -37.758606 144.993149
1381603325 -37.758540 144.993166
1381603326 -37.758439 144.993190
1381603327 -37.758333 144.993213
1381603328 -37.758214 144.993252
1381603329 -37.758111 144.993265
1381603330 -37.757991 144.993294
1381603331 -37.757878 144.993323
1381603332 -37.757750 144.993345
1381603333 -37.757615 144.993381
1381603334 -37.757495 144.993421
1381603335 -37.757366 144.993459
1381603336 -37.757247 144.993484
1381603337 -37.757131 144.993514
1381603338 -37.757013 144.993535
1381603339 -37.756893 144.993560
1381603340 -37.756697 144.993588
1381603341 -37.756587 144.993618
1381603342 -37.756474 144.993670
1381603343 -37.756351 144.993711
1381603344 -37.756234 144.993703
1381603345 -37.756148 144.993725
1381603346 -37.756079 144.993732
1381603347 -37.756005 144.993741
1381603348 -37.755886 144.993763
1381603349 -37.755780 144.993780
1381603350 -37.755549 144.993829
1381603351 -37.755476 144.993859
1381603352 -37.755389 144.993858
1381603353 -37.755318 144.993857
1381603354 -37.755117 144.993894
1381603355 -37.755002 144.993921
1381603356 -37.754898 144.993941
1381603357 -37.754796 144.993985
1381603358 -37.754685 144.994008
1381603359 -37.754615 144.994016
1381603360 -37.754520 144.994059
1381603361 -37.754439 144.994056
1381603362 -37.754235 144.994116
1381603363 -37.754126 144.994134
1381603364 -37.753992 144.994162
1381603365 -37.753870 144.994203
1381603366 -37.753764 144.994234
1381603367 -37.753678 144.994261
1381603368 -37.753602 144.994292
1381603369 -37.753508 144.994315
1381603370 -37.753449 144.994354
1381603371 -37.753393 144.994373
1381603372 -37.753299 144.994409
1381603373 -37.753185 144.994449
1381603374 -37.753110 144.994477
1381603375 -37.753034 144.994506
1381603376 -37.752915 144.994547
1381603377 -37.752870 144.994561
1381603378 -37.752841 144.994577
1381603379 -37.752797 144.994603
1381603380 -37.752756 144.994621
1381603381 -37.752613 144.994652
1381603382 -37.752579 144.994675
1381603383 -37.752497 144.994679
1381603384 -37.752443 144.994704
1381603385 -37.752308 144.994732
1381603386 -37.752244 144.994718
1381603387 -37.752212 144.994758
1381603388 -37.752152 144.994767
1381603389 -37.752011 144.994803
1381603390 -37.751890 144.994840
1381603391 -37.751779 144.994862
1381603392 -37.751675 144.994897
1381603393 -37.751589 144.994950
1381603394 -37.751502 144.994980
1381603395 -37.751383 144.995019
1381603396 -37.751262 144.995062
1381603397 -37.751161 144.995121
1381603398 -37.751056 144.995162
1381603399 -37.750970 144.995204
1381603400 -37.750884 144.995214
1381603401 -37.750756 144.995241
1381603402 -37.750708 144.995280
1381603403 -37.750626 144.995307
1381603404 -37.750575 144.995348
1381603405 -37.750504 144.995373
1381603406 -37.750469 144.995391
1381603407 -37.750443 144.995394
1381603408 -37.750414 144.995407
1381603409 -37.750340 144.995407
1381603410 -37.750311 144.995422
1381603411 -37.750283 144.995425
1381603412 -37.750271 144.995434
1381603413 -37.750260 144.995439
1381603414 -37.750254 144.995446
1381603415 -37.750255 144.995454
1381603416 -37.750249 144.995453
1381603417 -37.750246 144.995457
1381603418 -37.750235 144.995457
1381603419 -37.750235 144.995455
1381603420 -37.750210 144.995467
1381603421 -37.750201 144.995464
1381603422 -37.750142 144.995483
1381603423 -37.750085 144.995510
1381603424 -37.750026 144.995532
1381603425 -37.749974 144.995569
1381603426 -37.749932 144.995593
1381603427 -37.749882 144.995619
1381603428 -37.749839 144.995646
1381603429 -37.749704 144.995682
1381603430 -37.749673 144.995676
1381603431 -37.749637 144.995701
1381603432 -37.749605 144.995711
1381603433 -37.749577 144.995722
1381603434 -37.749564 144.995745
1381603435 -37.749538 144.995731
1381603436 -37.749538 144.995711
1381603437 -37.749523 144.995711
1381603438 -37.749521 144.995717
1381603439 -37.749509 144.995718
1381603440 -37.749498 144.995717
1381603441 -37.749489 144.995722
1381603442 -37.749493 144.995732
1381603443 -37.749479 144.995730
1381603444 -37.749478 144.995736
1381603445 -37.749467 144.995737
1381603446 -37.749459 144.995736
1381603447 -37.749463 144.995745
1381603448 -37.749447 144.995747
1381603449 -37.749372 144.995769
1381603450 -37.749270 144.995778
1381603451 -37.749189 144.995804
1381603452 -37.749055 144.995847
1381603453 -37.748925 144.995891
1381603454 -37.748627 144.995996
1381603455 -37.748496 144.996033
1381603456 -37.748363 144.996089
1381603457 -37.748248 144.996138
1381603458 -37.748139 144.996188
1381603459 -37.747998 144.996215
1381603460 -37.747856 144.996251
1381603461 -37.747747 144.996288
1381603462 -37.747649 144.996327
1381603463 -37.747541 144.996367
1381603464 -37.747430 144.996410
1381603465 -37.747347 144.996439
1381603466 -37.747280 144.996467
1381603467 -37.747191 144.996498
1381603468 -37.747083 144.996557
1381603469 -37.746965 144.996559
1381603470 -37.746761 144.996628
1381603471 -37.746662 144.996683
1381603472 -37.746563 144.996734
1381603473 -37.746460 144.996761
1381603474 -37.746351 144.996817
1381603475 -37.746300 144.996847
1381603476 -37.746244 144.996876
1381603477 -37.746180 144.996899
1381603478 -37.745931 144.997006
1381603479 -37.745842 144.997038
1381603480 -37.745786 144.997074
1381603481 -37.745712 144.997109
1381603482 -37.745601 144.997135
1381603483 -37.745503 144.997181
1381603484 -37.745419 144.997219
1381603485 -37.745319 144.997233
1381603486 -37.745237 144.997255
1381603487 -37.745162 144.997271
1381603488 -37.745072 144.997298
1381603489 -37.745031 144.997326
1381603490 -37.744991 144.997356
1381603491 -37.744989 144.997358
1381603492 -37.744990 144.997355
1381603493 -37.744992 144.997359
1381603494 -37.745007 144.997355
1381603495 -37.744999 144.997367
1381603496 -37.744981 144.997369
1381603497 -37.744993 144.997361
1381603498 -37.744976 144.997355
1381603499 -37.744995 144.997358
1381603500 -37.744987 144.997361
1381603501 -37.744976 144.997355
1381603502 -37.744995 144.997358
1381603503 -37.744994 144.997399
1381603504 -37.744998 144.997369
1381603505 -37.744994 144.997363
1381603506 -37.744996 144.997385
1381603507 -37.744988 144.997358
1381603508 -37.744988 144.997346
1381603509 -37.744990 144.997360
1381603510 -37.745010 144.997372
1381603511 -37.744997 144.997372
1381603512 -37.744981 144.997371
1381603513 -37.744991 144.997372
1381603514 -37.744997 144.997375
1381603515 -37.744991 144.997370
1381603516 -37.744990 144.997368
1381603517 -37.744990 144.997362
1381603518 -37.744996 144.997373
1381603519 -37.744994 144.997380
1381603520 -37.745012 144.997359
1381603521 -37.744987 144.997368
1381603522 -37.744996 144.997370
1381603523 -37.744991 144.997372
1381603524 -37.744991 144.997361
1381603525 -37.744978 144.997374
1381603526 -37.744999 144.997372
1381603527 -37.744994 144.997372
1381603528 -37.744990 144.997380
1381603529 -37.744968 144.997372
1381603530 -37.744993 144.997371
1381603531 -37.744998 144.997367
1381603532 -37.744975 144.997385
1381603533 -37.745001 144.997385
1381603534 -37.744994 144.997376
1381603535 -37.744994 144.997377
1381603536 -37.744981 144.997358
1381603537 -37.744993 144.997383
1381603538 -37.745016 144.997361
1381603539 -37.745001 144.997383
1381603540 -37.744974 144.997378
1381603541 -37.744997 144.997378
1381603542 -37.744997 144.997382
1381603543 -37.744999 144.997379
1381603544 -37.745014 144.997401
1381603545 -37.744994 144.997374
1381603546 -37.744997 144.997380
1381603547 -37.745017 144.997375
1381603548 -37.744990 144.997359
1381603549 -37.744987 144.997369
1381603550 -37.744999 144.997400
1381603551 -37.744981 144.997375
1381603552 -37.744997 144.997384
1381603553 -37.744988 144.997377
1381603554 -37.744995 144.997385
1381603555 -37.745000 144.997380
1381603556 -37.744998 144.997397
1381603557 -37.744999 144.997386
1381603558 -37.744993 144.997380
1381603559 -37.745011 144.997397
1381603560 -37.744994 144.997391
1381603561 -37.745001 144.997384
1381603562 -37.745011 144.997388
1381603563 -37.745001 144.997378
1381603564 -37.744991 144.997387
1381603565 -37.744998 144.997378
1381603566 -37.744998 144.997390
1381603567 -37.744968 144.997396
1381603568 -37.744948 144.997386
1381603569 -37.744912 144.997404
1381603570 -37.744897 144.997418
1381603571 -37.744797 144.997461
1381603572 -37.744685 144.997511
1381603573 -37.744660 144.997512
1381603574 -37.744620 144.997531
1381603575 -37.744600 144.997541
1381603576 -37.744576 144.997786
1381603577 -37.744568 144.997995
1381603578 -37.744591 144.998096
1381603579 -37.744621 144.998241
1381603580 -37.744646 144.998373
1381603581 -37.744672 144.998504
1381603582 -37.744691 144.998648
1381603583 -37.744711 144.998787
1381603584 -37.744731 144.998925
1381603585 -37.744725 144.999046
1381603586 -37.744740 144.999196
1381603587 -37.744752 144.999348
1381603588 -37.744764 144.999509
1381603589 -37.744777 144.999670
1381603590 -37.744803 144.999840
1381603591 -37.744833 145.000013
1381603592 -37.744847 145.000156
1381603593 -37.744862 145.000303
1381603594 -37.744871 145.000446
1381603595 -37.744890 145.000592
1381603596 -37.744908 145.000743
1381603597 -37.744926 145.000895
1381603598 -37.744921 145.000994
1381603599 -37.744954 145.001123
1381603600 -37.744968 145.001239
1381603601 -37.744983 145.001518
1381603602 -37.745007 145.001693
1381603603 -37.745038 145.001861
1381603604 -37.745053 145.002014
1381603605 -37.745055 145.002164
1381603606 -37.745060 145.002317
1381603607 -37.745080 145.002456
1381603608 -37.745102 145.002549
1381603609 -37.745100 145.002656
1381603610 -37.745112 145.002680
1381603611 -37.745126 145.002703
1381603612 -37.745109 145.002680
1381603613 -37.745118 145.002683
1381603614 -37.745114 145.002670
1381603615 -37.745116 145.002673
1381603616 -37.745117 145.002673
1381603617 -37.745112 145.002645
1381603618 -37.745119 145.002668
1381603619 -37.745114 145.002679
1381603620 -37.745128 145.002686
1381603621 -37.745116 145.002692
1381603622 -37.745124 145.002697
1381603623 -37.745123 145.002675
1381603624 -37.745118 145.002688
1381603625 -37.745117 145.002688
1381603626 -37.745103 145.002714
1381603627 -37.745121 145.002696
1381603628 -37.745116 145.002689
1381603629 -37.745125 145.002704
1381603630 -37.745118 145.002693
1381603631 -37.745118 145.002711
1381603632 -37.745094 145.002711
1381603633 -37.745114 145.002701
1381603634 -37.745114 145.002696
1381603635 -37.745108 145.002693
1381603636 -37.745115 145.002711
1381603637 -37.745118 145.002709
1381603638 -37.745120 145.002692
1381603639 -37.745118 145.002706
1381603640 -37.745123 145.002744
1381603641 -37.745132 145.002710
1381603642 -37.745114 145.002718
1381603643 -37.745113 145.002721
1381603644 -37.745116 145.002724
1381603645 -37.745123 145.002722
1381603646 -37.745111 145.002736
1381603647 -37.745113 145.002715
1381603648 -37.745095 145.002735
1381603649 -37.745102 145.002720
1381603650 -37.745129 145.002737
1381603651 -37.745129 145.002735
1381603652 -37.745094 145.002739
1381603653 -37.745122 145.002735
1381603654 -37.745122 145.002755
1381603655 -37.745130 145.002734
1381603656 -37.745119 145.002742
1381603657 -37.745130 145.002738
1381603658 -37.745120 145.002745
1381603659 -37.745121 145.002755
1381603660 -37.745115 145.002755
1381603661 -37.745095 145.002741
1381603662 -37.745120 145.002752
1381603663 -37.745120 145.002754
1381603664 -37.745117 145.002755
1381603665 -37.745123 145.002774
1381603666 -37.745121 145.002759
1381603667 -37.745121 145.002755
1381603668 -37.745113 145.002772
1381603669 -37.745121 145.002764
1381603670 -37.745155 145.003000
1381603671 -37.745158 145.003081
1381603672 -37.745172 145.003170
1381603673 -37.745179 145.003256
1381603674 -37.745191 145.003473
1381603675 -37.745210 145.003574
1381603676 -37.745233 145.003655
1381603677 -37.745238 145.003763
1381603678 -37.745255 145.004003
1381603679 -37.745272 145.004132
1381603680 -37.745286 145.004251
1381603681 -37.745322 145.004397
1381603682 -37.745351 145.004518
1381603683 -37.745359 145.004571
1381603684 -37.745383 145.004680
1381603685 -37.745383 145.004773
1381603686 -37.745407 145.005058
1381603687 -37.745413 145.005209
1381603688 -37.745433 145.005347
1381603689 -37.745439 145.005440
1381603690 -37.745445 145.005539
1381603691 -37.745450 145.005629
1381603692 -37.745461 145.005788
1381603693 -37.745480 145.005923
1381603694 -37.745500 145.006097
1381603695 -37.745520 145.006267
1381603696 -37.745541 145.006585
1381603697 -37.745557 145.006765
1381603698 -37.745552 145.006947
1381603699 -37.745559 145.007044
1381603700 -37.745562 145.007133
1381603701 -37.745567 145.007247
1381603702 -37.745610 145.007596
1381603703 -37.745632 145.007772
1381603704 -37.745662 145.007960
1381603705 -37.745664 145.008119
1381603706 -37.745672 145.008261
1381603707 -37.745681 145.008374
1381603708 -37.745704 145.008497
1381603709 -37.745716 145.008604
1381603710 -37.745748 145.008924
1381603711 -37.745768 145.009088
1381603712 -37.745783 145.009261
1381603713 -37.745782 145.009435
1381603714 -37.745800 145.009623
1381603715 -37.745800 145.009729
1381603716 -37.745810 145.009839
1381603717 -37.745820 145.009938
1381603718 -37.745870 145.010260
1381603719 -37.745903 145.010429
1381603720 -37.745908 145.010582
1381603721 -37.745943 145.010757
1381603722 -37.745967 145.010915
1381603723 -37.745977 145.011020
1381603724 -37.745978 145.011145
1381603725 -37.745993 145.011261
1381603726 -37.746011 145.011417
1381603727 -37.746038 145.011586
1381603728 -37.746045 145.011766
1381603729 -37.746072 145.011942
1381603730 -37.746116 145.012301
1381603731 -37.746127 145.012422
1381603732 -37.746135 145.012511
1381603733 -37.746150 145.012663
1381603734 -37.746189 145.012938
1381603735 -37.746230 145.013161
1381603736 -37.746257 145.013403
1381603737 -37.746282 145.013538
1381603738 -37.746278 145.013651
1381603739 -37.746285 145.013775
1381603740 -37.746326 145.014139
1381603741 -37.746342 145.014306
1381603742 -37.746358 145.014471
1381603743 -37.746352 145.014588
1381603744 -37.746359 145.014702
1381603745 -37.746372 145.014826
1381603746 -37.746385 145.015173
1381603747 -37.746411 145.015340
1381603748 -37.746437 145.015507
1381603749 -37.746443 145.015664
1381603750 -37.746471 145.015829
1381603751 -37.746486 145.015931
1381603752 -37.746495 145.016044
1381603753 -37.746507 145.016151
1381603754 -37.746519 145.016318
1381603755 -37.746540 145.016501
1381603756 -37.746556 145.016655
1381603757 -37.746589 145.016810
1381603758 -37.746598 145.016982
1381603759 -37.746621 145.017150
1381603760 -37.746650 145.017491
1381603761 -37.746683 145.017642
1381603762 -37.746716 145.017791
1381603763 -37.746733 145.017957
1381603764 -37.746747 145.018114
1381603765 -37.746770 145.018302
1381603766 -37.746801 145.018460
1381603767 -37.746806 145.018571
1381603768 -37.746802 145.018692
1381603769 -37.746811 145.018809
1381603770 -37.746821 145.018996
1381603771 -37.746837 145.019154
1381603772 -37.746885 145.019480
1381603773 -37.746896 145.019610
1381603774 -37.746922 145.019777
1381603775 -37.746927 145.019897
1381603776 -37.746969 145.020020
1381603777 -37.746976 145.020150
1381603778 -37.746978 145.020263
1381603779 -37.746990 145.020343
1381603780 -37.746999 145.020426
1381603781 -37.747015 145.020503
1381603782 -37.747052 145.020734
1381603783 -37.747035 145.020825
1381603784 -37.747056 145.020911
1381603785 -37.747059 145.020961
1381603786 -37.747075 145.021000
1381603787 -37.747078 145.021038
1381603788 -37.747076 145.021045
1381603789 -37.747078 145.021040
1381603790 -37.747079 145.021042
1381603791 -37.747081 145.021043
1381603792 -37.747071 145.021037
1381603793 -37.747077 145.021045
1381603794 -37.747073 145.021047
1381603795 -37.747078 145.021046
1381603796 -37.747077 145.021048
1381603797 -37.747079 145.021046
1381603798 -37.747092 145.021049
1381603799 -37.747068 145.021061
1381603800 -37.747080 145.021045
1381603801 -37.747078 145.021046
1381603802 -37.747078 145.021055
1381603803 -37.747084 145.021059
1381603804 -37.747073 145.021064
1381603805 -37.747071 145.021067
1381603806 -37.747074 145.021054
1381603807 -37.747075 145.021068
1381603808 -37.747075 145.021061
1381603809 -37.747081 145.021062
1381603810 -37.747080 145.021058
1381603811 -37.747092 145.021049
1381603812 -37.747075 145.021056
1381603813 -37.747072 145.021061
1381603814 -37.747071 145.021072
1381603815 -37.747086 145.021087
1381603816 -37.747075 145.021087
1381603817 -37.747086 145.021086
1381603818 -37.747058 145.021090
1381603819 -37.747065 145.021050
1381603820 -37.747074 145.021072
1381603821 -37.747070 145.021075
1381603822 -37.747072 145.021077
1381603823 -37.747070 145.021080
1381603824 -37.747066 145.021078
1381603825 -37.747071 145.021081
1381603826 -37.747079 145.021066
1381603827 -37.747072 145.021082
1381603828 -37.747065 145.021082
1381603829 -37.747060 145.021073
1381603830 -37.747072 145.021084
1381603831 -37.747071 145.021087
1381603832 -37.747080 145.021091
1381603833 -37.747072 145.021086
1381603834 -37.747071 145.021090
1381603835 -37.747071 145.021087
1381603836 -37.747071 145.021092
1381603837 -37.747067 145.021085
1381603838 -37.747070 145.021105
1381603839 -37.747071 145.021096
1381603840 -37.747070 145.021097
1381603841 -37.747074 145.021125
1381603842 -37.747084 145.021210
1381603843 -37.747096 145.021284
1381603844 -37.747110 145.021363
1381603845 -37.747121 145.021432
1381603846 -37.747149 145.021715
1381603847 -37.747157 145.021840
1381603848 -37.747184 145.021926
1381603849 -37.747198 145.022035
1381603850 -37.747233 145.022351
1381603851 -37.747249 145.022476
1381603852 -37.747272 145.022602
1381603853 -37.747294 145.022727
1381603854 -37.747341 145.023094
1381603855 -37.747365 145.023223
1381603856 -37.747377 145.023334
1381603857 -37.747392 145.023452
1381603858 -37.747404 145.023820
1381603859 -37.747424 145.024005
1381603860 -37.747459 145.024177
1381603861 -37.747487 145.024350
1381603862 -37.747504 145.024505
1381603863 -37.747521 145.024615
1381603864 -37.747535 145.024721
1381603865 -37.747550 145.024830
1381603866 -37.747588 145.025168
1381603867 -37.747617 145.025337
1381603868 -37.747625 145.025495
1381603869 -37.747638 145.025599
1381603870 -37.747657 145.025707
1381603871 -37.747670 145.025816
1381603872 -37.747711 145.026171
1381603873 -37.747720 145.026322
1381603874 -37.747741 145.026507
1381603875 -37.747746 145.026612
1381603876 -37.747761 145.026724
1381603877 -37.747760 145.026839
1381603878 -37.747795 145.027009
1381603879 -37.747797 145.027174
1381603880 -37.747822 145.027497
1381603881 -37.747854 145.027653
1381603882 -37.747887 145.027809
1381603883 -37.747891 145.027958
1381603884 -37.747916 145.028113
1381603885 -37.747915 145.028204
1381603886 -37.747928 145.028291
1381603887 -37.747918 145.028384
1381603888 -37.747920 145.028483
1381603889 -37.747913 145.028594
1381603890 -37.747916 145.028693
1381603891 -37.747956 145.028796
1381603892 -37.747993 145.028906
1381603893 -37.748010 145.028996
1381603894 -37.748033 145.029089
1381603895 -37.748042 145.029203
1381603896 -37.748097 145.029466
1381603897 -37.748133 145.029562
1381603898 -37.748160 145.029686
1381603899 -37.748162 145.029753
1381603900 -37.748168 145.029840
1381603901 -37.748185 145.029912
1381603902 -37.748219 145.030166
1381603903 -37.748242 145.030288
1381603904 -37.748232 145.030406
1381603905 -37.748245 145.030545
1381603906 -37.748251 145.030683
1381603907 -37.748257 145.030832
1381603908 -37.748269 145.030968
1381603909 -37.748295 145.031112
1381603910 -37.748310 145.031257
1381603911 -37.748308 145.031350
1381603912 -37.748295 145.031455
1381603913 -37.748304 145.031553
1381603914 -37.748313 145.031843
1381603915 -37.748326 145.031976
1381603916 -37.748346 145.032119
1381603917 -37.748374 145.032246
1381603918 -37.748404 145.032383
1381603919 -37.748461 145.032502
1381603920 -37.748538 145.032645
1381603921 -37.748602 145.032774
1381603922 -37.748647 145.032881
1381603923 -37.748687 145.032951
1381603924 -37.748726 145.033028
1381603925 -37.748770 145.033114
1381603926 -37.748895 145.033377
1381603927 -37.748953 145.033509
1381603928 -37.749010 145.033640
1381603929 -37.749064 145.033802
1381603930 -37.749127 145.033920
1381603931 -37.749158 145.034093
1381603932 -37.749211 145.034229
1381603933 -37.749227 145.034371
1381603934 -37.749244 145.034523
1381603935 -37.749241 145.034645
1381603936 -37.749232 145.034784
1381603937 -37.749221 145.034895
1381603938 -37.749227 145.035149
1381603939 -37.749228 145.035234
1381603940 -37.749200 145.035314
1381603941 -37.749194 145.035396
1381603942 -37.749167 145.035585
1381603943 -37.749169 145.035641
1381603944 -37.749162 145.035729
1381603945 -37.749145 145.035802
1381603946 -37.749134 145.035882
1381603947 -37.749122 145.035957
1381603948 -37.749124 145.036000
1381603949 -37.749102 145.036062
1381603950 -37.749086 145.036107
1381603951 -37.749048 145.036126
1381603952 -37.749018 145.036147
1381603953 -37.748905 145.036263
1381603954 -37.748864 145.036296
1381603955 -37.748808 145.036348
1381603956 -37.748776 145.036385
1381603957 -37.748743 145.036413
1381603958 -37.748715 145.036429
1381603959 -37.748674 145.036463
1381603960 -37.748653 145.036427
1381603961 -37.748651 145.036441
1381603962 -37.748652 145.036433
1381603963 -37.748658 145.036428
1381603964 -37.748648 145.036423
1381603965 -37.748648 145.036425
1381603966 -37.748645 145.036430
1381603967 -37.748622 145.036437
1381603968 -37.748640 145.036439
1381603969 -37.748632 145.036426
1381603970 -37.748635 145.036430
1381603971 -37.748638 145.036434
1381603972 -37.748637 145.036434
1381603973 -37.748646 145.036423
1381603974 -37.748646 145.036432
1381603975 -37.748626 145.036440
1381603976 -37.748622 145.036431
1381603977 -37.748630 145.036424
1381603978 -37.748628 145.036436
1381603979 -37.748631 145.036436
1381603980 -37.748619 145.036437
1381603981 -37.748621 145.036432
1381603982 -37.748615 145.036439
1381603983 -37.748619 145.036436
1381603984 -37.748617 145.036417
1381603985 -37.748628 145.036439
1381603986 -37.748618 145.036439
1381603987 -37.748624 145.036441
1381603988 -37.748606 145.036447
1381603989 -37.748616 145.036442
1381603990 -37.748617 145.036442
1381603991 -37.748611 145.036443
1381603992 -37.748613 145.036431
1381603993 -37.748602 145.036448
1381603994 -37.748614 145.036443
1381603995 -37.748600 145.036459
1381603996 -37.748598 145.036438
1381603997 -37.748607 145.036433
1381603998 -37.748602 145.036453
1381603999 -37.748600 145.036446
1381604000 -37.748600 145.036450
1381604001 -37.748599 145.036456
1381604002 -37.748605 145.036433
1381604003 -37.748599 145.036446
1381604004 -37.748596 145.036451
1381604005 -37.748584 145.036439
1381604006 -37.748595 145.036441
1381604007 -37.748584 145.036447
1381604008 -37.748588 145.036452
1381604009 -37.748595 145.036460
1381604010 -37.748587 145.036452
1381604011 -37.748588 145.036457
1381604012 -37.748578 145.036445
1381604013 -37.748592 145.036456
1381604014 -37.748570 145.036468
1381604015 -37.748572 145.036456
1381604016 -37.748582 145.036447
1381604017 -37.748566 145.036442
1381604018 -37.748574 145.036457
1381604019 -37.748579 145.036457
1381604020 -37.748590 145.036459
1381604021 -37.748570 145.036452
1381604022 -37.748570 145.036470
1381604023 -37.748569 145.036460
1381604024 -37.748575 145.036453
1381604025 -37.748588 145.036459
1381604026 -37.748565 145.036462
1381604027 -37.748562 145.036461
1381604028 -37.748564 145.036464
1381604029 -37.748562 145.036460
1381604030 -37.748560 145.036459
1381604031 -37.748562 145.036467
1381604032 -37.748556 145.036455
1381604033 -37.748555 145.036464
1381604034 -37.748554 145.036468
1381604035 -37.748562 145.036467
1381604036 -37.748540 145.036458
1381604037 -37.748540 145.036461
1381604038 -37.748542 145.036474
1381604039 -37.748554 145.036477
1381604040 -37.748527 145.036492
1381604041 -37.748530 145.036489
1381604042 -37.748518 145.036482
1381604043 -37.748534 145.036491
1381604044 -37.748534 145.036493
1381604045 -37.748536 145.036495
1381604046 -37.748520 145.036508
1381604047 -37.748538 145.036502
1381604048 -37.748501 145.036502
1381604049 -37.748541 145.036502
1381604050 -37.748523 145.036509
1381604051 -37.748502 145.036533
1381604052 -37.748505 145.036534
1381604053 -37.748482 145.036549
1381604054 -37.748317 145.036688
1381604055 -37.748276 145.036707
1381604056 -37.748229 145.036750
1381604057 -37.748184 145.036781
1381604058 -37.748048 145.036833
1381604059 -37.747994 145.036855
1381604060 -37.747946 145.036880
1381604061 -37.747892 145.036903
1381604062 -37.747767 145.036970
1381604063 -37.747710 145.036987
1381604064 -37.747638 145.037004
1381604065 -37.747596 145.037020
1381604066 -37.747529 145.037034
1381604067 -37.747447 145.037040
1381604068 -37.747395 145.037076
1381604069 -37.747367 145.037098
1381604070 -37.747319 145.037117
1381604071 -37.747328 145.037229
1381604072 -37.747312 145.037294
1381604073 -37.747320 145.037352
1381604074 -37.747324 145.037422
1381604075 -37.747334 145.037473
1381604076 -37.747334 145.037501
1381604077 -37.747341 145.037539
1381604078 -37.747345 145.037567
1381604079 -37.747349 145.037622
1381604080 -37.747350 145.037606
1381604081 -37.747353 145.037636
1381604082 -37.747376 145.037677
1381604083 -37.747358 145.037726
1381604084 -37.747399 145.037776
1381604085 -37.747375 145.037828
1381604086 -37.747396 145.038001
1381604087 -37.747411 145.038080
1381604088 -37.747413 145.038148
1381604089 -37.747423 145.038232
1381604090 -37.747460 145.038413
1381604091 -37.747462 145.038568
1381604092 -37.747478 145.038670
1381604093 -37.747486 145.038767
1381604094 -37.747499 145.038813
1381604095 -37.747498 145.038867
1381604096 -37.747501 145.038900
1381604097 -37.747505 145.038926
1381604098 -37.747500 145.038950
1381604099 -37.747511 145.038981
1381604100 -37.747523 145.039092
1381604101 -37.747540 145.039225
1381604102 -37.747553 145.039350
1381604103 -37.747566 145.039443
1381604104 -37.747585 145.039538
1381604105 -37.747589 145.039644
1381604106 -37.747603 145.039752
1381604107 -37.747615 145.039861
1381604108 -37.747629 145.039971
1381604109 -37.747641 145.040078
1381604110 -37.747646 145.040208
1381604111 -37.747670 145.040324
1381604112 -37.747687 145.040489
1381604113 -37.747704 145.040608
1381604114 -37.747722 145.040760
1381604115 -37.747737 145.040901
1381604116 -37.747750 145.041029
1381604117 -37.747767 145.041164
1381604118 -37.747769 145.041265
1381604119 -37.747792 145.041393
1381604120 -37.747796 145.041443
1381604121 -37.747817 145.041504
1381604122 -37.747812 145.041564
1381604123 -37.747802 145.041595
1381604124 -37.747819 145.041608
1381604125 -37.747819 145.041628
1381604126 -37.747827 145.041697
1381604127 -37.747919 145.041691
1381604128 -37.748010 145.041716
1381604129 -37.748095 145.041711
1381604130 -37.748152 145.041686
1381604131 -37.748245 145.041669
1381604132 -37.748356 145.041616
1381604133 -37.748464 145.041588
1381604134 -37.748574 145.041551
1381604135 -37.748679 145.041532
1381604136 -37.748743 145.041516
1381604137 -37.748847 145.041497
1381604138 -37.748935 145.041484
1381604139 -37.748985 145.041478
1381604140 -37.749070 145.041483
1381604141 -37.749136 145.041446
1381604142 -37.749280 145.041450
1381604143 -37.749347 145.041456
1381604144 -37.749413 145.041460
1381604145 -37.749441 145.041456
1381604146 -37.749476 145.041451
1381604147 -37.749471 145.041435
1381604148 -37.749459 145.041446
1381604149 -37.749452 145.041454
1381604150 -37.749443 145.041450
1381604151 -37.749438 145.041460
1381604152 -37.749454 145.041464
1381604153 -37.749442 145.041455
1381604154 -37.749428 145.041463
1381604155 -37.749440 145.041464
1381604156 -37.749440 145.041463
1381604157 -37.749440 145.041457
1381604158 -37.749435 145.041466
1381604159 -37.749430 145.041442
1381604160 -37.749432 145.041457
1381604161 -37.749441 145.041462
1381604162 -37.749439 145.041454
1381604163 -37.749437 145.041449
1381604164 -37.749439 145.041462
1381604165 -37.749438 145.041457
1381604166 -37.749424 145.041453
1381604167 -37.749434 145.041453
1381604168 -37.749440 145.041459
1381604169 -37.749442 145.041448
1381604170 -37.749457 145.041446
1381604171 -37.749441 145.041456
1381604172 -37.749427 145.041447
1381604173 -37.749444 145.041456
1381604174 -37.749438 145.041458
1381604175 -37.749447 145.041455
1381604176 -37.749454 145.041454
1381604177 -37.749450 145.041456
1381604178 -37.749423 145.041457
1381604179 -37.749448 145.041455
1381604180 -37.749464 145.041468
1381604181 -37.749439 145.041450
1381604182 -37.749462 145.041454
1381604183 -37.749455 145.041459
1381604184 -37.749460 145.041460
1381604185 -37.749454 145.041457
1381604186 -37.749454 145.041454
1381604187 -37.749465 145.041444
1381604188 -37.749455 145.041453
1381604189 -37.749456 145.041458
1381604190 -37.749459 145.041464
1381604191 -37.749453 145.041450
1381604192 -37.749471 145.041463
1381604193 -37.749458 145.041448
1381604194 -37.749448 145.041474
1381604195 -37.749452 145.041451
1381604196 -37.749467 145.041445
1381604197 -37.749460 145.041467
1381604198 -37.749466 145.041453
1381604199 -37.749465 145.041452
1381604200 -37.749458 145.041457
1381604201 -37.749465 145.041442
1381604202 -37.749487 145.041438
1381604203 -37.749462 145.041457
1381604204 -37.749469 145.041462
1381604205 -37.749477 145.041456
1381604206 -37.749495 145.041447
1381604207 -37.749472 145.041450
1381604208 -37.749474 145.041452
1381604209 -37.749470 145.041450
1381604210 -37.749476 145.041455
1381604211 -37.749475 145.041451
1381604212 -37.749476 145.041452
1381604213 -37.749479 145.041449
1381604214 -37.749503 145.041450
1381604215 -37.749480 145.041454
1381604216 -37.749482 145.041450
1381604217 -37.749485 145.041449
1381604218 -37.749482 145.041455
1381604219 -37.749482 145.041452
1381604220 -37.749485 145.041451
1381604221 -37.749473 145.041450
1381604222 -37.749479 145.041444
1381604223 -37.749493 145.041452
1381604224 -37.749493 145.041425
1381604225 -37.749509 145.041462
1381604226 -37.749486 145.041438
1381604227 -37.749488 145.041455
1381604228 -37.749493 145.041441
1381604229 -37.749486 145.041445
1381604230 -37.749494 145.041454
1381604231 -37.749486 145.041467
1381604232 -37.749494 145.041448
1381604233 -37.749515 145.041446
