5641
198954
198955
125155
124199
125163
125157
125158
173643
125164
198951
198952
198953
198954
198955
125155
124199
125163
125157
125158
173643
125164
198951
198952
198953
198954
198955
125155
124199
125163
125157
125158
173643
125164
198951
198952
198953
198954
198955
125155
124199
125163
125157
125158
173643
125164
198951
198952
198953
198954
198955
125155
124199
125163
125157
125158
173643
125164
198951
198952
198953
198954
198955
125155
124199
125163
125157
125158
173643
125164
198951
198952
198953
198954
198955
125155
124199
125163
125157
125158
173643
173644
173645
173646
173647
173648
173649
176704
198967
198968
198969
124218
126247
126248
126249
126250
198952
198953
198954
198955
125155
124199
125163
125157
125158
173643
125164
198952
198953
198954
198955
125155
124199
125163
125157
125158
173643
125164
198951
198952
198953
198954
198955
125155
124199
125163
125157
125158
173643
125164
198952
198953
198954
198955
125155
124199
125163
125157
125158
173643
198951
198952
198953
198954
198955
125155
124199
125163
125157
125158
173643
125164
198901
125158
173643
125164
198951
198952
198953
198954
198955
125155
124199
125163
125157
125158
173643
198901
125158
173643
173644
173645
173646
23032
23033
23031
23030
173648
173649
176704
198895
198896
23033
23031
23030
173648
173649
176704
198895
198896
23033
173648
173649
173650
173651
173652
173653
173654
173655
173656
198936
198937
22959
124213
124214
124215
124216
124217
173654
173655
173656
173657
198950
198888
198889
198890
198891
198892
198893
198894
198895
198976
173649
173650
173651
173652
173653
173654
173655
173656
173657
198950
198888
198889
198890
198891
198892
198893
198894
198895
198976
173649
173650
173651
173652
173653
173654
173655
173656
173657
173658
173659
198928
198929
198930
198931
198932
198933
198934
198935
158831
158832
158833
158834
158837
158830
158828
158826
116885
158811
158812
158803
158804
158805
158806
158807
158808
158809
158810
105648
105649
105650
105651
198886
198887
198888
198949
173657
173658
173659
198928
198929
198930
198931
198932
198933
198934
198935
158831
158832
158833
158834
158837
158830
158828
158826
116885
158811
158812
158803
158804
158805
158806
158807
158808
158809
158810
105648
105649
105650
105651
198886
198887
198888
198949
173657
173658
173659
198928
198929
198931
198932
198933
198934
198935
158831
158832
158833
158834
158837
158830
158828
158826
116885
158811
158812
158803
158804
158805
158806
158807
158808
158809
158810
152952
152953
152954
152955
152956
119116
119137
119101
119102
22955
22956
22957
198929
198930
198931
198932
198933
198934
198935
152956
119116
119137
119101
119102
22955
22956
22957
198929
198930
198931
198932
198933
198934
198935
152956
119116
119137
119101
119102
22955
22956
22957
198929
198930
198931
198932
198933
198934
198935
152956
119116
119137
119101
119102
22955
22956
22957
198929
198930
198931
198932
198933
198934
198935
152956
119116
119137
119101
119102
22955
22956
22957
198929
198930
198931
198932
198933
198934
198935
152956
119116
119137
119101
119102
22955
22956
22957
198929
198930
198931
198932
198933
198934
198935
152956
119116
119137
119101
119102
22955
22956
22957
198929
198930
198931
198932
198933
198934
198935
152956
119116
119137
119101
119102
22955
22956
22957
198929
198930
198931
198932
198933
198934
198935
152956
119116
119137
119101
119102
22955
22956
22957
198929
198930
198932
198933
198934
198935
152956
119116
119137
119101
119102
22955
22956
22957
198929
198930
198932
198933
198934
198935
152956
119116
119137
119101
119102
22955
22956
22957
198929
198930
198932
198933
198934
198935
152956
119116
119137
119101
119102
22955
22956
22957
198929
198930
198931
198932
198933
198934
198935
152956
119116
119137
119101
119102
22955
22956
22957
198929
198930
198931
198932
198933
198934
198935
152956
119116
119137
119101
119102
22955
22956
22957
198929
198930
198931
198932
198933
198934
198935
152956
119116
119137
119101
119102
22955
22956
22957
198929
198930
198932
198933
198934
158831
158832
158833
158834
158837
158830
158828
158826
116885
158811
158812
158803
158804
158805
158806
158807
158808
152914
152915
152916
158835
158836
158837
158830
158828
158826
116885
158811
158812
158803
158804
158805
158806
158807
158808
158809
158810
152952
152953
152954
152956
152957
124486
124487
124488
124489
116884
116885
158811
158812
158803
158804
158805
158806
158807
158808
152914
152915
152916
158835
158836
158837
158830
158828
158826
116885
158811
158812
158803
158804
158805
158806
158807
158808
158809
158810
152952
152953
152954
152955
152956
152957
124486
124487
124488
124489
116884
116885
158811
158812
158803
158804
158805
158806
158807
158808
152914
152915
152916
158835
158836
158837
158838
124487
124488
124489
124490
190851
190852
190853
190854
190855
190856
190857
190858
190859
190860
190861
190862
190863
190864
152966
152967
152968
152969
152970
152946
152947
152948
152949
152950
152951
152952
152953
152954
152955
152956
152957
124486
124487
124488
124489
116884
116885
158811
158812
158803
158804
158805
158806
158807
158808
158809
158810
152952
152953
152954
152955
152956
152957
124486
124487
124488
124489
116884
158825
158827
158838
158839
158840
22941
22942
22943
128375
119178
119180
119182
119184
119186
119188
124496
176802
176804
176806
176808
176810
176812
176814
119122
119147
119149
119151
119117
119118
152958
152959
152960
152961
152962
152963
152964
152965
205897
205898
205899
190842
205895
190847
116881
116882
116883
116884
158825
158827
158829
158838
158839
158840
22941
22942
22943
128375
119178
119180
119182
119184
119186
119188
124496
176802
176804
176806
176808
176810
176812
176814
119122
119147
119149
119151
119117
119118
152958
152959
152960
152961
152962
152963
152964
152965
205897
205898
205899
190842
205895
190847
116881
116883
116884
116885
158811
158812
158803
158804
158805
158806
158807
158808
158809
158810
152952
152953
152954
152955
152956
152957
152958
152959
152960
152961
152962
152963
152964
152965
205897
205898
205899
190842
205895
190847
116881
116882
116883
116884
116885
158811
158812
158803
158804
158805
158806
158807
158808
158809
158810
152952
152953
152954
152955
152956
152957
152958
152959
152960
119170
119171
119184
119186
119188
124496
176802
176804
176806
176808
176810
176812
176814
119122
119147
119149
119151
119117
119118
124486
158839
158840
22941
22942
22943
128375
119178
119180
119182
119184
119186
119188
124496
176802
176804
176806
176808
176810
176812
176814
119122
119147
119149
119151
119117
119118
124486
158839
158840
22941
22942
22943
128375
119178
119180
119182
119184
119186
119188
124496
176802
176804
176806
176808
176810
176812
176814
119122
119147
119149
119151
119117
119118
152959
152960
119170
119171
119184
119186
119188
124496
176802
176804
176806
176808
176810
176812
176814
119122
119147
119149
119151
119117
119118
158839
158840
22941
22942
22943
128375
119178
119180
119182
119184
119186
119188
124496
176802
176804
176806
176808
176810
176812
176814
119122
119147
119149
119151
119117
119118
152959
152960
119170
119171
119184
119186
119188
124496
176802
176804
176806
176808
176810
176812
176814
119122
119147
119149
119151
119117
119118
124486
158840
22941
22942
22943
128375
119178
119180
119182
119184
119186
119188
124496
176802
176804
176806
176808
176810
176812
176814
119122
119147
119149
119151
119117
119118
124486
158839
158840
22941
22942
22943
128375
119178
119180
119182
119184
119186
119188
124496
176802
176804
176806
176808
176810
176812
176814
119122
119147
119149
119151
119117
119118
124486
158839
158840
22941
22942
22943
128375
119178
119180
119182
119184
119186
119188
124496
176802
176804
176806
176808
176810
176812
176814
119122
119147
119149
119151
119117
119118
124486
158839
158840
22941
22942
22943
128375
119178
119180
119182
119184
119186
119188
124496
176802
176804
176806
176808
176810
176812
176814
119122
119147
119149
119151
119117
119118
124486
158839
158840
152963
152964
152965
205897
205898
205899
190842
205895
190847
116881
116882
116883
116884
158825
158827
158829
158838
158839
158840
22941
22942
22943
128375
124508
124509
152962
152963
152964
152965
205897
205898
205899
190842
205895
190848
190849
190850
190851
124491
124492
124493
158825
158827
158829
158838
158839
158840
152963
152964
152965
205897
205898
205899
190842
205895
190847
116881
116882
116883
116884
158825
158827
158829
158838
158839
158840
152963
152964
152965
205897
205898
205899
190842
205895
190847
116881
116882
116883
116884
158825
158827
158829
158838
158839
158840
152963
152964
152965
205897
205898
205899
190842
205895
190847
190848
190849
190850
190851
124491
124492
124493
158825
158827
158829
158838
158839
158840
152963
152964
152965
205897
205898
205899
190842
205895
190847
116881
116882
116883
116884
158825
158827
158829
158838
158839
158840
152963
152964
152965
205897
205898
205899
190842
205895
190847
190848
190849
190850
190851
124491
124492
124493
158825
158827
158829
158838
158839
158840
152963
152964
152965
205897
205898
205899
190842
205895
190847
116881
116882
116883
116884
158825
158827
158829
158838
158839
158840
152963
152964
152965
190843
190844
190845
190846
146193
146195
146197
128373
128374
128375
124508
124509
152962
152963
152964
152965
205897
205898
205899
190842
205895
190847
116881
116882
116883
116884
158825
158827
158829
158838
158839
158840
152963
152964
152965
205897
205898
205899
190842
205895
190847
116881
116882
116883
116884
158825
158827
158829
158838
158839
158840
152963
152964
152965
205897
205898
205899
190842
205895
205900
205901
205902
190843
190844
190845
190846
146193
146195
146197
128373
128374
128375
124508
124509
152962
152963
152965
205898
205899
190842
205895
205900
205901
205902
205897
205898
205899
125077
125078
205894
205896
196104
176797
176798
176799
205886
205887
205888
205889
196903
196904
125078
205894
125115
125116
125117
125118
196118
125611
125612
125613
205895
205900
205901
205902
205897
205898
205899
125077
125078
205894
205896
196104
176797
176798
176799
205886
205887
205888
205889
196903
196904
125077
125078
205894
125115
125116
125117
125118
58525
196118
125611
125612
125613
205895
205900
205901
205902
205897
205898
205899
125077
125078
205894
205896
196104
176797
176798
176799
205886
205887
205888
205889
196903
196904
125077
125078
205894
125115
125116
125117
125118
58525
196118
125611
125612
125613
205895
205900
205901
205902
205897
205898
205899
125077
125078
205894
205896
196104
176797
176798
176799
205886
205887
205888
205889
196903
196904
125077
125078
205894
125115
125116
125117
125118
58525
196118
125611
125612
125613
205895
205900
205901
205902
205897
205898
205899
125077
125078
205894
205896
196104
176797
176798
176799
205886
205887
205888
205889
196903
196904
125077
125078
205894
125115
125116
125117
125118
196166
7043
7042
7043
7041
7040
7041
7040
7041
205146
205147
205145
9216
9215
9216
9214
9213
9216
9214
9213
9214
9212
9211
9212
9211
9212
9207
9208
192353
192352
9207
9209
9210
9208
192353
192352
192353
192352
192353
192351
192349
192346
192348
192349
192347
192345
192344
192345
192343
192342
192343
192342
192343
192341
192339
192337
192336
192337
192335
192334
192336
192338
9182
9113
9115
9117
9118
9117
9119
9191
192332
192334
192336
192338
9182
9113
9115
9117
9119
9191
192332
192334
192335
9205
9206
192334
192335
9205
9206
192333
9192
9191
192355
6444
6443
192354
192355
6444
6443
6444
120446
120447
6443
6444
6442
6441
6442
9125
9126
9125
9126
6440
6439
9125
9123
9124
9126
6440
116873
116875
116876
116874
6440
116873
116875
116876
116874
6439
6440
6439
6440
2039
6439
6440
116873
116874
116873
116875
116877
116878
116875
116877
116878
116876
116875
116876
116875
116877
116878
116877
175261
175260
116878
116877
116878
116877
175261
175260
175261
197347
197346
175260
175261
197347
197346
175260
175261
197347
197346
197347
197346
197347
197346
175260
175261
197347
197346
175260
175261
197347
197346
197347
197345
197342
197343
197341
197339
197338
197339
197338
197339
197337
197336
197337
197335
197334
197335
197333
197331
197330
197331
197330
197331
197329
197327
197325
197323
197321
197319
197318
197319
197317
197315
197314
197316
197318
197320
4361
4363
4364
4363
4365
4367
4368
4365
4368
4367
175533
175532
4368
4367
175533
175532
4369
175507
175506
4370
4369
175507
175506
4371
4372
4371
4373
4374
4373
4375
4377
4378
4377
4379
4381
4383
4750
4749
4385
4386
4751
4752
4385
4386
4385
4387
4388
4387
4389
4390
4388
4387
4389
4391
4392
4390
4389
4391
4392
4390
4389
4390
4389
4391
4392
4391
4392
4390
4389
4391
4392
4390
4389
4391
4392
4390
4389
4391
4392
4390
4389
4391
4392
4390
4389
4391
4392
4390
4389
4391
4392
4391
72175
72177
72178
72176
72175
72177
6085
6084
72178
72177
6084
6085
6084
72179
72180
72179
72180
6085
6084
195647
6083
6082
195648
195647
6083
6082
195649
195650
195649
195651
195652
195651
119733
119732
195652
195651
195653
195654
195652
195651
195653
195654
195653
195655
6089
6088
195657
195659
195660
195659
195661
195663
195665
4250
72173
72174
4249
4251
4253
4255
4259
4261
4263
4265
4267
4269
4271
4273
4274
4273
4275
4276
4275
4277
4278
4277
4279
4280
4279
4245
4246
4280
4279
4245
4246
4281
4282
4281
4283
4284
4283
4284
4281
4283
4286
4285
4287
4289
4291
4292
4291
4293
4295
4415
4416
4299
4300
4299
146692
146693
146692
146693
146692
146693
146691
146690
4300
4299
146691
146690
146691
146690
4300
4299
4300
4299
4300
4414
148320
148317
148318
146693
4301
4302
146692
146693
4301
7097
4494
4492
146693
4300
4414
148320
148317
148318
146692
160535
160536
4411
148320
148318
160535
160536
4411
148320
148317
148318
146694
146695
146694
146695
160535
160536
4411
148320
148317
148318
160535
160536
4411
148320
148317
148318
160535
160536
4411
148320
148317
148318
160535
160536
4411
148320
148317
148318
146693
4300
4414
4411
4412
4410
4409
4410
4409
4411
148320
148317
148318
160536
4410
4409
4411
148320
148317
148318
160535
160536
4410
4409
4411
148320
148317
148318
160536
4409
4410
4409
4411
148320
148317
148318
160536
4410
4409
4411
148320
148317
148318
160535
160536
4410
4409
4411
148320
148317
148318
160536
4409
4410
4409
4410
4409
4410
4409
4410
4409
4411
148320
148317
148318
160536
4410
4409
4410
4409
4410
4409
4411
148320
148317
148318
160536
4410
4409
4410
4409
4410
4409
4410
4409
4411
148320
148317
148318
160535
160536
4409
4410
4409
4410
4409
4410
4409
4411
148320
148317
148318
160536
4409
4410
4409
4411
148320
148317
148318
160536
4410
4409
4410
4409
4411
148320
148317
148318
160535
160536
4410
4409
4410
4409
4411
148320
148317
148318
160536
4409
4410
4409
4411
148320
148317
148318
160536
4409
4411
148320
148317
148318
160536
4410
4409
4411
148320
148317
148318
160535
160536
4410
4409
4411
148320
148317
148318
146694
146696
146698
146699
146697
146695
160535
160536
4410
4408
4407
4409
4410
4406
4404
4403
4405
4406
4404
4403
4404
4402
4401
4402
4400
4399
4401
4402
4400
4399
4401
4402
4401
4402
4400
4399
4400
4398
4397
4398
4397
4398
4397
4399
4400
4398
4397
4399
4400
4398
162922
162921
162922
162921
4397
4398
162922
162921
4397
4398
162922
162921
4397
4398
162922
162921
162922
162921
4397
4398
4397
4398
162922
162921
4397
4398
162922
162921
162923
162924
4397
4398
162923
146706
146707
146706
146707
162924
162923
146706
146707
162923
162924
162923
146706
146707
162924
162923
146706
146707
162924
162923
146705
146704
162924
162923
146705
146704
146705
146704
162925
162926
162925
162926
146706
146708
146709
146707
146706
146707
146706
146708
146709
146708
146710
146711
146710
146713
146712
146714
146715
146712
146714
146715
146714
146716
146717
146716
146718
146719
146718
146720
146721
146719
146718
146720
115758
115757
146721
146720
115758
115757
146722
146723
146722
146724
146725
146723
146722
146724
115820
115819
146727
146726
146727
115820
115819
146726
146727
146726
146728
6911
6926
6927
6910
146729
146727
146726
146728
146729
146726
146727
146726
146728
146729
146728
6911
6910
146730
146731
146730
146732
146735
146734
146736
146737
146736
146738
146739
146738
146741
146740
146742
146743
146742
146744
146746
146747
146746
146747
146746
146748
146749
146748
146749
146747
146746
146748
146751
146750
147200
146751
146750
147199
147200
147199
147200
146751
146750
147199
147200
146751
146750
146751
146750
147200
147199
147200
146750
147200
146751
146750
146751
146750
147199
147200
146751
146750
147199
147200
147199
147200
146751
146750
147199
147200
146751
146750
147199
147200
146751
146750
147199
147200
146751
146750
146751
146750
147199
147200
146751
146750
147199
147200
146751
146750
147199
147200
146751
146750
146751
146750
147199
147200
147199
147200
146751
146750
146751
146750
147199
147200
146751
146750
146751
146750
147199
147200
147199
192607
192606
147200
147199
192607
192606
147200
146751
146750
147199
192607
192605
192604
192606
192607
192606
192607
192605
192604
192605
192604
192605
192603
192602
192603
2101
2102
192602
192603
2101
2102
192602
192603
2101
2102
192602
192603
2101
2102
69570
69569
2101
2102
2101
2103
2104
2103
23410
23411
23410
2105
2106
23411
23410
2105
2106
23412
23414
23420
23421
23415
23413
2105
2106
2105
2107
2108
2106
23412
23414
23420
23319
2107
2109
2111
2112
2110
2109
2111
24655
24656
2113
2114
24655
24656
24655
24656
2113
24671
24672
24671
24672
2114
2113
24672
2116
24671
24672
2115
2116
2115
23336
23337
23338
23339
23340
23341
23342
23343
23344
23345
192587
192585
192583
192581
192579
192577
192575
192573
192571
192569
205195
23315
23316
23317
23318
23319
2109
2111
2113
2115
2116
2115
2117
2119
2120
2119
26883
26882
2121
2122
2121
2123
26869
26868
2125
2127
2128
2126
2125
2127
2128
2126
2125
2126
2125
2127
2128
2127
2128
2127
2128
2127
2128
2126
2125
2126
2125
2127
2128
2127
146686
146687
146686
198661
198660
152501
152502
152503
152504
152505
22094
152471
152472
152473
152474
152501
152502
152503
152504
152505
22094
152471
152472
152473
152474
152501
152502
152503
152504
152505
22094
152471
152472
152473
152474
152501
152502
152503
152504
152505
22094
22096
22097
152471
152472
152473
152474
152501
152502
152503
152505
22094
22095
152506
149189
7861
152470
22095
152506
149189
7861
152470
22094
22095
152506
133091
133092
149189
7861
152470
152506
149189
152470
22095
152506
149189
7861
7862
149127
133095
152469
152470
22095
152506
149189
149127
152469
7862
7861
7862
149127
149128
149129
149130
149131
247
206329
149199
149197
149195
149193
149191
133094
133092
149189
149127
133095
133097
133098
133097
133098
152469
7862
149127
149128
149129
149130
149131
152465
152466
152467
152468
133096
149128
149129
149130
149131
152465
152466
152467
152468
133096
149128
149129
149130
149131
152465
152466
152467
152468
133096
149128
149129
149130
149131
152465
152466
152467
152468
149128
149129
149130
149131
152465
152466
152467
152468
133096
149128
149129
149130
149131
152465
152466
152467
152468
133096
149128
149129
149130
149131
152465
152466
152467
152468
133096
149128
149129
149130
149131
152465
152466
152467
152468
133096
149128
149129
149130
149131
152465
152466
152467
152468
133096
149128
149129
149131
247
248
152495
152497
152498
152497
21921
21922
21920
152499
152500
152499
2100
2099
192276
192277
192276
192278
192279
192277
192276
192278
192280
192282
21916
21915
192284
192286
192287
192286
125790
125791
125790
125791
125790
2129
2131
2132
2131
2132
2131
2133
55837
55838
2135
2136
2135
60673
60674
2135
2136
2135
60673
60674
2137
2138
2137
2138
2137
2139
2140
55884
55883
2139
2140
2139
2141
2143
2145
87540
87541
87542
87543
87544
87545
141100
141102
141104
141105
141103
141101
87546
68600
68598
68596
68594
68592
68590
68588
60680
60678
60676
60674
2139
2140
2139
2140
2139
2141
2142
2140
2139
2141
2142
2141
2142
2141
2142
2139
2141
2142
2141
2142
2140
2139
2141
2142
2140
2139
2141
2142
2139
2140
2139
2140
2139
2141
2142
2140
2139
2141
2143
2144
2143
2145
87540
87541
87542
87543
87544
87545
141100
141101
87546
68600
68599
68600
68599
87548
68580
68578
68576
60692
60690
60688
60686
60684
60682
68587
68589
68591
68593
68595
68597
68599
87547
87548
68579
87550
87551
87552
87553
87554
68586
68584
68582
60700
60698
60710
60708
60706
87552
87554
68586
68585
87555
87755
87753
87751
87749
87724
87725
87726
87744
87745
87746
87747
87553
87554
68586
68585
87555
87755
87753
87751
87749
87724
87725
87726
87744
87745
87746
87747
87553
87554
87555
87755
87753
87752
87755
87754
68601
68602
87556
87557
87558
87756
87758
87760
87762
87719
87720
87721
87722
87723
87748
87750
87752
87754
87556
87557
87558
87756
87758
87760
87762
87719
87720
87721
87722
87723
87748
87750
87752
87754
87556
87557
68688
68687
87558
87756
87758
87759
87757
68720
68719
87559
87560
87561
87562
87563
87564
87771
87769
87767
87765
87714
87715
87716
87717
87718
87763
87761
87759
87757
87559
160286
160285
87561
87562
87563
68693
87564
68707
68709
68654
68652
68650
68693
68694
68693
87564
68708
68707
68708
68707
68708
87565
68716
68715
87567
141445
141447
141449
141451
87711
87712
87713
87764
87766
87768
87770
87565
87566
87567
141445
141447
141449
87711
87712
87713
87764
87766
87768
87770
87565
87566
87567
147346
147345
147346
147345
141445
141447
141449
141451
87711
87712
87713
87764
87766
87768
87770
87565
87566
87567
147346
147345
141445
141447
141449
141451
87711
87712
87713
87764
87766
87768
87770
87565
87567
147346
147345
147346
147345
87686
87687
87688
87689
87690
87691
87692
79343
79345
79347
79349
186247
186248
186249
186250
186251
186252
186253
141452
141450
141448
141446
87686
79340
79339
79340
79339
87687
87688
87689
87690
87691
87692
79343
79345
79347
79349
186247
186248
186249
186251
186252
79367
80430
79365
186251
186252
186253
141452
141450
141448
141446
87686
87687
79268
79267
87689
87690
87691
87692
79343
79345
79347
79349
186247
186248
186249
186250
186251
186252
186253
141452
141450
141448
141446
87686
87687
87688
79268
79267
79268
79267
87689
87690
87691
87692
79343
79345
79347
79349
186247
186248
186249
186250
79366
80432
79361
186249
186250
186251
186252
186253
141452
141450
141448
141446
87686
87687
87688
87689
87690
79236
79235
87691
87692
153958
153956
153962
153862
153949
79300
79231
79233
79235
79236
79235
79236
79235
87692
79343
79344
153958
153957
87693
87694
87695
87696
87697
87776
87778
87780
87782
186244
186245
186246
79350
79348
79346
79344
87693
79294
79293
79294
79293
87695
153881
153948
153905
153959
153885
79293
87694
87695
153881
153880
153881
153880
87696
87697
87776
87777
87776
87777
87698
79204
79203
79204
79203
79204
79203
87699
87700
87679
87680
87681
186241
186242
186243
87783
87781
87779
87777
87698
79204
79203
87699
87700
87679
87680
87681
186241
186242
186243
87783
87781
87779
87777
87698
87699
87700
198848
198849
198848
198849
87701
87702
87808
186234
186236
186237
186238
186239
186240
186241
186242
186243
87783
87781
87779
87777
87698
87699
87700
87701
87702
87808
186234
186235
186236
186237
186238
186239
186240
186241
186242
186243
87783
87781
87779
87777
87698
87699
87700
87701
87702
87808
186234
186235
186236
186237
186238
186239
186240
186241
186242
186243
87783
87781
87779
87777
87698
87699
87700
87701
87702
87808
186234
186235
186236
186237
186238
186239
186240
186241
186242
186243
87783
87781
87779
87777
87698
87699
87700
87702
87808
186234
186235
186236
186237
186238
186239
186240
186241
186242
186243
87783
87781
87779
87777
87698
87699
87700
87702
87808
186234
186235
186236
186237
186238
186239
186240
186241
186242
186243
87783
87781
87779
87777
87698
87699
87700
87701
87702
87808
186234
186235
186236
186237
186238
186239
186240
186241
186242
186243
87783
87781
87779
87777
87698
87699
87700
87701
87702
87808
186234
186235
186236
186237
186238
186239
186240
186241
186242
186243
87783
87781
87779
87777
87698
87699
87700
87701
87702
87808
87810
87812
87813
87812
87813
87811
87808
87810
87812
87813
87811
186234
186235
186236
186237
186238
186239
186240
186241
186242
186243
87783
87781
87779
87777
87698
87699
87700
87701
87702
87809
186234
186235
186236
186237
186238
186239
186240
186241
186242
186243
87783
87781
87779
87777
87698
87699
87700
87701
87702
87808
87809
87808
87809
186234
186235
186236
186237
186238
186239
186240
186241
186242
186243
87783
87781
87779
87777
87698
87699
87700
87701
87702
78835
78837
78838
78836
87808
87810
87812
87814
55810
78893
78895
78897
78899
186233
87809
87703
87704
87705
87706
87707
87708
87832
87833
87848
87849
78904
78902
87825
87823
87705
87706
87707
87708
87709
87710
186280
186281
186225
186226
186227
186228
186229
186230
186231
186232
186233
87809
87703
87704
87705
87706
87707
87708
87709
87710
186280
186281
186225
186226
186227
186228
186229
186230
186231
186232
186233
87809
87703
87704
87705
87706
87707
87708
87832
87833
87848
87849
78904
78902
87825
87823
87705
87707
87708
87709
87710
186280
186281
186225
186226
186227
186228
186229
186230
186231
186232
186233
87809
87703
87704
87705
87706
87707
87708
87709
87710
186280
186281
186225
186226
186227
186228
186229
186230
186231
186232
186233
87809
87703
87704
87705
87706
87707
87708
87709
87710
186280
186281
186225
186226
186227
186228
186229
186230
186231
186232
186233
87809
87703
87704
87705
87706
87707
87708
87832
87833
87848
87849
78904
78902
87825
87823
87705
87706
87707
87708
87709
87710
186280
186281
186225
186227
186228
186229
186230
186231
186232
186233
87809
87703
87704
87705
87706
87707
87708
87709
87847
87848
87849
78904
78902
87825
87823
87705
87706
87707
87708
87832
87833
87848
87849
78904
78902
87825
87823
87705
87706
87707
87708
87709
87847
87848
87849
78904
78902
87825
87823
87705
87706
87707
87708
87832
87833
87848
87849
78904
78902
87825
87823
87705
87706
87707
87708
87832
87833
87848
87849
78904
78902
87825
87823
87705
87706
87707
87708
87709
87847
87848
87849
78904
78902
87825
87823
87705
87706
87707
87708
87709
87847
87848
87849
78904
78902
87825
87823
87705
87706
87707
87708
87709
87847
87848
87849
78904
78902
87825
87823
87705
87706
87707
87708
87832
87833
87848
87849
78904
78902
87825
87823
87705
87706
87707
87708
87709
87847
87848
87849
78904
78902
87825
87823
87705
87706
87707
87708
87709
87847
87848
87849
78904
78902
87825
87823
87705
87706
87707
87708
87832
87833
87848
87849
78904
78902
87825
87823
87705
87706
87707
87708
87832
87833
87848
87849
78904
78902
87825
87823
87705
87706
87707
87708
87709
87847
87848
87849
78904
78902
87825
87823
87705
87706
87707
87708
87832
87833
87848
87849
78904
78902
87825
87823
87705
87706
87707
87708
87709
87847
87848
87849
78904
78902
87825
87823
87705
87706
87707
87708
87832
87833
87848
87849
78904
78902
87825
87823
87705
87706
87707
87708
87709
87847
87848
87849
78904
78902
87825
87823
87705
87706
87707
87708
87832
87833
87848
87849
78904
78902
87825
87823
87705
87706
87707
87708
87709
87847
87848
87849
78904
78902
87825
87823
87705
87706
87707
87708
87709
87847
87848
87849
78904
78902
87825
87823
87705
87706
87707
87708
87832
87833
87848
87849
78904
78902
87825
87823
87705
87706
87707
87708
87709
87847
87848
87849
78904
78902
87825
87823
87705
87706
87707
87708
87832
87833
87848
87849
78904
78902
87825
87823
87705
87706
87707
87708
87832
87833
87848
87849
78904
78902
87825
87823
87705
87706
87707
87708
87709
87847
87848
87849
78904
78902
87825
87823
87705
87706
87707
87708
87709
87710
186280
186281
186225
186226
186227
186228
186229
186230
186231
186232
186233
87809
87703
87704
87705
87706
87707
87708
87832
87833
87848
87849
78904
78902
87825
87823
87705
87706
87707
87708
87709
87847
87848
87849
78904
78902
87825
87823
87705
87706
87707
87708
87832
87833
87848
87849
78904
78902
87825
87823
87705
87706
87707
87708
87832
87833
87848
87849
78904
78902
87825
87823
87705
87706
87707
87708
87709
87710
186280
186281
186225
87845
87846
87710
186280
186281
186225
87845
87846
87710
186280
186281
186282
69727
69729
69731
69733
69735
69742
186276
186277
186278
186282
186283
186284
186285
186286
186287
198073
187549
87838
87839
87840
87841
87842
87843
87844
87845
87846
87710
186280
186281
186282
186283
186284
186285
186286
186287
198073
187549
87838
87839
87840
87841
87842
87843
87844
87845
87846
87710
186280
186281
186282
69727
69728
186283
186284
186285
186286
186287
198073
187549
87838
87839
87840
87841
87842
84479
84487
84484
87842
87843
87844
87845
87846
87710
186280
186281
186282
186283
186284
186285
186286
186287
198073
187549
87838
87839
87840
87841
87842
87843
87844
87845
87846
87710
186280
186281
186282
186283
186284
186285
186286
186287
198073
187549
87838
87839
87840
87841
87842
87843
87844
87845
87846
87710
186280
186281
186282
186283
186284
186285
186286
186287
198073
187549
87838
87839
87840
87841
87842
87843
87844
87845
87846
87710
186280
186281
186282
186283
186284
186285
186286
186287
198073
187549
87838
87839
87840
87841
87842
87843
87844
87845
87846
87710
186280
186281
186282
186283
186284
186285
186286
186287
198073
187549
87838
87839
87840
87841
87842
87843
87844
87845
87846
87710
186280
186281
186282
186283
186284
186285
186286
186287
198073
187549
87838
84498
84496
84494
84492
187564
187550
194056
194054
130547
130545
130543
69724
69722
69720
69718
198073
187549
87838
87839
87840
87841
87842
87843
87844
87845
87846
87710
186280
186281
186282
186283
186284
186285
186286
186287
198073
187549
187550
194056
194054
130547
130545
130543
69724
69722
69720
69718
186287
198073
194056
194054
130547
130545
130543
69724
69722
69720
69718
186287
198074
198075
198076
198077
187549
87838
84498
84496
84494
84492
187564
187550
194056
194054
130547
130545
130543
69724
69722
69720
69718
186287
198073
187549
187550
187549
87838
87839
87840
87841
87842
87843
87844
87845
87846
87710
186280
186281
186282
186283
186284
186285
186286
186287
198073
187549
187550
194056
194054
130547
130545
130543
69724
69722
69720
69718
186287
198073
187549
87838
84498
84496
84494
84492
187564
187550
87838
84498
84496
84494
84492
187564
187550
187549
87838
84498
84496
84494
84492
187564
187550
187549
187550
187549
87838
87839
87840
87841
87842
87843
87844
87845
87846
87710
186280
186281
186282
186283
186284
186285
186286
186287
198073
187550
187549
87838
84498
84496
84494
84492
187564
187550
187549
87838
84498
84496
84494
84492
187564
187550
194056
194055
187536
187537
187538
187539
199531
187548
187550
187536
187537
187538
187539
187548
187550
187536
187537
114611
114612
187538
187539
199531
187548
187550
194056
194054
84557
84559
84561
114612
187538
114613
114614
187539
199531
187548
187550
187536
187537
187538
114613
114614
187539
199531
199532
187551
187552
187553
187554
187555
84693
84741
84743
199579
187552
187553
187554
187555
187556
187547
187541
187542
187544
187545
199532
187551
187552
187553
187554
187555
187556
187547
187541
187542
187543
187544
187545
199532
187551
187552
187553
187554
187555
187556
187547
187541
187542
187543
187544
187545
199532
187551
187552
187553
187554
187555
187556
187547
187541
187542
187543
187544
187545
199532
187551
187552
187553
187554
187555
187556
187547
187546
187557
172699
187540
187546
187557
172699
187540
187546
187557
172693
172694
84727
84731
84733
84735
84737
167291
172693
163770
187562
187540
187546
187557
172693
163770
163772
163773
163772
163773
163771
163770
163771
172694
172695
172696
184207
187560
187561
163771
172694
172695
172696
184207
187560
163671
163670
187561
163771
172694
172695
172696
184207
187560
187561
163771
172694
172695
172696
184207
187560
187561
163771
172694
172695
172696
184207
184208
172697
172698
184164
187558
187559
184208
84719
84756
84748
172698
184164
187558
187559
184208
172697
172698
184164
187558
187559
184208
84747
84748
172698
184164
187558
187559
184208
172697
172698
184164
184163
187585
84777
84806
84769
84770
84769
187585
187586
52860
163898
184163
187585
187586
52860
163898
184163
187585
187586
52860
163898
184163
187585
84777
84778
187586
52860
163898
184163
187585
187586
52860
163898
184163
187585
187586
187587
187588
89143
163894
163895
163896
163897
163898
184163
187585
187586
187587
187588
89143
163894
163895
163896
163897
163898
184163
187585
187586
187587
187588
89143
163894
163895
163896
163897
163898
184163
187585
187586
187587
187588
89143
163894
163895
163896
163897
163898
184163
187585
187586
187587
187588
89143
163894
163895
163896
163897
163898
184163
187585
187586
187587
187588
89143
163894
163895
163896
163897
163898
184163
187585
187586
187587
187588
89143
163894
163895
163896
163897
163898
184163
187585
187587
187588
89143
163894
163895
163896
163897
163898
184163
187585
187586
187587
187588
89143
163894
163895
163896
163897
163898
184163
187585
187586
187587
187588
89143
163894
163895
163896
163897
163898
184163
187585
187586
187587
187588
89143
163894
163895
163896
163897
163898
184163
187585
187586
187587
187588
89143
163894
163895
163896
163897
163898
184163
187585
187586
187587
187588
89143
163894
163895
163896
163897
163898
184163
187585
187586
187587
187588
89143
163894
163895
163896
163897
163898
184163
187585
187586
187587
187588
89143
163894
163895
163896
163897
163898
184163
187585
187586
187587
187535
163880
163881
84803
150982
150937
89143
163894
150952
187588
187589
35541
163892
163893
163894
150952
187588
187589
35541
163892
163893
163894
150952
187588
187589
35541
35540
187590
187591
187592
205472
205473
205474
205475
163891
35540
187591
187592
205472
205473
205474
205475
163891
35540
187590
187591
187592
205472
205473
205474
205475
163891
35540
187590
187591
187592
187593
35539
163890
163891
35540
187590
187591
187592
205472
205473
205474
205475
163891
35540
187590
187591
187593
35539
35538
187594
188791
163888
163889
35538
187594
188791
163888
163889
35538
187594
188791
163888
163889
35538
187594
188791
163888
163889
35538
187594
188791
149658
149657
149658
149657
188790
187532
205470
163886
163887
188809
188810
188809
188810
187532
205470
163886
163887
188790
187532
205470
205469
205470
163886
163887
187532
205470
205469
114559
114560
187533
187534
163901
163903
163904
163905
163906
163907
205476
205477
205478
205479
205480
9883
9884
9885
9886
9887
9888
163902
163884
163885
205469
187533
187534
163901
163903
163904
163905
163906
163907
205476
205477
205478
205479
205480
9883
9884
9885
9886
9887
163902
163884
163885
205469
187533
187534
163901
163903
163904
163905
163906
163907
205476
205477
205478
205479
205480
9883
9884
9885
9886
9887
9888
163902
163884
163885
205469
187533
187534
163901
163903
163904
163905
163906
163907
205476
205477
205478
205479
205480
9883
9884
9885
9886
9887
9888
163902
163884
163885
205469
187533
187534
163901
163903
163904
163905
163906
163907
205476
205477
205478
205479
205480
9883
61090
61091
61092
61093
61094
61095
61084
61085
61086
61087
61088
61089
9885
9886
9887
9888
163902
163884
163885
205469
187533
187534
163901
163903
163904
163905
138045
138044
163906
163907
205476
205477
205478
205479
205480
9883
9884
9885
9886
9887
9888
163902
163884
163885
205469
187533
187534
163901
163903
163904
163905
138045
138044
138045
138043
138042
138044
138045
138043
138042
138043
138041
138040
138041
138040
138041
138040
138042
138043
138041
138040
138043
138041
138040
138041
138040
138042
138043
138041
138040
138041
138040
138041
138040
138042
138043
138041
138040
138042
138043
138041
138040
138042
138043
138041
138040
138042
138043
138041
138040
138042
138043
138041
138040
138042
138043
138041
138040
138042
138043
138041
138040
138042
138043
138042
138043
138042
138043
138041
138040
138043
138041
138040
138041
138040
138042
138043
138041
138040
138042
138043
138041
138040
138042
138043
138041
138040
138041
95220
95221
138040
138041
138039
95226
95227
138038
138039
95226
95227
138039
138038
138039
138038
138039
95226
95227
138038
138039
138038
138039
138038
138039
95227
95226
95227
95226
95333
95332
95333
95332
95227
95226
95334
95335
95228
95229
95334
95335
95228
95229
95334
95335
95334
95335
95228
95225
95224
95225
95223
95332
95228
95230
95231
95225
95224
95230
159196
159197
159196
159197
95231
95230
159196
159197
95232
95233
159197
95233
95232
95233
159196
159197
159196
159198
159199
159198
159199
159197
159196
159198
159199
159198
159200
159202
158906
158907
205467
205471
176237
176238
158906
158907
205467
205471
176237
176238
159203
159202
159203
159202
159203
159202
159203
159202
158906
158907
205467
205471
176237
176238
159203
159202
158906
158907
205467
205471
176237
159203
159202
159203
159202
158906
158907
205467
205471
176237
176238
158906
158907
205467
205471
176237
176238
159203
159202
158906
158907
205467
205471
176237
176238
159202
159203
159202
158906
158907
205467
205471
176237
176238
159203
159202
158906
158907
205467
205471
176237
176238
159203
159202
158907
205467
205471
176237
176238
158906
158907
205467
205471
176237
176238
158906
158907
205467
205471
176237
176238
159203
159202
158906
158907
205467
205471
176237
176238
158906
158907
205467
205471
176237
176238
158906
158907
205467
205471
176237
176238
158906
158907
205467
205471
176237
176238
158906
158907
205467
205471
176237
176238
158906
158907
205467
205471
176237
176238
158906
158907
205467
205471
176238
158906
158907
205467
205471
176237
176238
158906
158907
205467
205471
176237
176238
158906
