340
125157
125158
173643
173644
173645
173646
173647
173648
173649
173650
173651
173652
173653
173654
173655
173656
173657
173658
173659
198928
198929
198930
198931
198932
198933
198934
198935
152956
152957
152958
152959
152960
152961
152962
152963
152964
152965
205897
205898
205899
125077
125078
205894
125115
125116
125117
125118
196166
7043
7041
205147
205145
9216
9214
9212
192353
192351
192349
192347
192345
192343
192341
192339
192337
192335
192333
192355
6444
6442
6440
116873
116875
116877
175261
197347
197345
197343
197341
197339
197337
197335
197333
197331
197329
197327
197325
197323
197321
197319
197318
197320
4361
4363
4365
4367
4369
4371
4373
4375
4377
4379
4381
4383
4385
4387
4389
4391
72175
72177
72179
195647
195649
195651
195653
195655
195657
195659
195661
195663
195665
72173
72174
4249
4251
4253
4255
4257
4259
4261
4263
4265
4267
4269
4271
4273
4275
4277
4279
4281
4283
4285
4287
4289
4291
4293
4295
4297
4299
146692
160535
160536
4410
4408
4406
4404
4402
4400
4398
162923
146706
146708
146710
146712
146714
146716
146718
146720
146722
146724
146726
146728
146730
146732
146734
146736
146738
146740
146742
146744
146746
146748
146750
147199
192607
192605
192603
2101
2103
2105
2107
2109
2111
2113
2115
2117
2119
2121
2123
2125
2127
146686
152501
152502
152503
152504
152505
152506
149189
149127
149128
149129
149130
149131
152495
152497
152499
192276
192278
192280
192282
192284
192286
125790
2129
2131
2133
2135
2137
2139
2141
2143
2145
87540
87541
87542
87543
87544
87545
87546
87547
87548
87549
87550
87551
87552
87553
87554
87555
87556
87557
87558
87559
87560
87561
87562
87563
87564
87565
87566
87567
87686
87687
87688
87689
87690
87691
87692
87693
87694
87695
87696
87697
87698
87699
87700
87701
87702
87703
87704
87705
87706
87707
87708
87709
87710
186280
186281
186282
186283
186284
186285
186286
186287
198073
187536
187537
187538
187539
187551
187552
187553
187554
187555
187556
187557
172693
172694
172695
172696
172697
172698
187585
187586
187587
187588
187589
187590
187591
187592
187593
187594
187532
187533
187534
163901
163903
163904
163905
138045
138043
138041
138039
95226
95228
95230
159196
159198
159200
159202
158906
