537
125157
125158
173643
198901
125158
125164
198901
125158
173643
173644
173645
173646
173647
173648
173649
173650
173652
173653
173654
173655
198936
198937
22960
119499
119500
173658
173659
198928
198930
198931
198932
198933
198934
198935
158831
158832
158833
158834
158837
158830
158828
158826
116885
158811
158812
158803
158804
158805
158806
158807
158808
158809
158810
152952
152953
152954
152955
152957
152958
152959
152960
119170
119171
119184
119186
119188
124496
176802
176804
176806
176808
176810
176812
176814
119122
119147
119149
119151
119117
119118
124486
158839
158840
22941
22942
22943
128375
119178
119180
119182
119184
119186
119188
124496
176802
176804
176806
176808
176810
176812
176814
119122
119147
119149
119151
119117
119118
152958
152959
152960
119170
119171
119184
119186
119188
124496
176802
176804
176806
176808
176810
176812
176814
119122
119147
119149
119151
119117
119118
158839
158840
152963
152964
152965
205897
205898
205899
125078
205894
125115
125116
125117
125118
196166
7041
205147
205144
9216
9214
9212
192353
192351
192347
192345
192342
192343
192341
192339
192337
192335
9205
9206
9192
9191
192355
6444
120446
120447
9125
9126
6440
2039
116874
116873
116875
116877
175261
197347
197345
197343
197341
197339
197337
197335
197333
197331
197329
197327
197324
197325
197323
197321
197319
197317
197316
197317
197315
197314
197316
197318
197320
4361
4363
4365
4367
4369
175506
4371
4373
124381
124382
4375
4377
4379
4381
4383
4385
4387
4389
4391
72175
72177
72179
195647
195649
195651
119733
119732
195653
195655
6089
6088
195657
195659
195661
195663
195665
72173
72174
4249
4251
4253
4255
4257
4259
4261
4263
4265
4267
4269
4271
4273
4275
4277
4279
4245
4246
4281
4283
4285
4287
4289
4293
4297
4415
4416
4299
146690
146692
160535
160536
4410
4407
4408
4406
4404
4402
4400
4398
162923
146704
162925
162926
146706
146708
146710
146712
146714
146718
146720
146722
146724
146726
146728
146731
146730
146732
146734
146736
146738
146742
146744
146746
146748
146750
147199
192607
192605
192603
2101
2103
2105
2107
2109
2111
2113
2115
2117
2119
2121
2123
2125
2128
2127
146686
152501
152502
152503
152504
152505
152506
133092
149189
149127
133096
149128
149129
149130
149131
247
248
152495
152497
21919
21920
152499
2099
192276
192278
192280
192282
192284
192286
125790
2129
2131
2133
2135
60674
2137
2139
2142
2141
2143
2146
2145
87540
87542
87543
87544
87545
87546
87547
87548
87550
87551
87553
87555
87754
87556
87557
87558
87757
87559
87560
87561
87562
87563
87564
87565
87566
87567
87686
87688
87690
87691
87692
87693
87694
87695
153881
153880
87696
87697
87698
87699
87700
198848
198849
87701
87702
87703
87704
87823
87705
87706
87707
87708
87709
87710
186280
186281
186225
87845
87846
87710
186280
186281
186282
186283
186284
186285
186286
186287
198073
187549
87838
87839
87840
87841
87842
87843
87844
87845
87846
87710
186280
186281
186282
186283
186284
186285
186286
186287
198073
187549
87838
87839
87840
87841
87842
87843
87844
87845
87846
87710
186280
186281
186282
186283
186284
186285
186286
186287
198073
187549
187550
187536
187537
187538
187539
199531
199532
187551
187552
187553
187554
187555
187556
187547
187546
187557
172693
172694
172695
172696
184208
172697
172698
187585
187586
187587
187588
187589
187590
187591
187592
187593
35538
187594
188790
187532
205470
163886
163887
188790
187532
187533
187534
163901
163903
163904
163905
138045
138043
138041
138039
95226
95228
95230
95233
159196
159199
159198
159200
159202
158906
