0.002068 0.001451 0.001146 
0.002212 0.001559 0.001207 
0.000610 0.009482 0.001444 

0.010562 0.002151 0.000442 
0.001727 0.000895 0.000471 
0.001724 0.000896 0.000279 

0.031886 0.029588 0.018911 0.018150 0.006631 
0.025084 0.023154 0.015163 0.014662 0.006053 
0.026202 0.024157 0.015806 0.015273 0.006155 

0.021903 0.017526 0.000000 
0.036368 0.028084 0.000000 
0.023123 0.018445 0.000000 
0.022212 0.017765 0.000000 
0.023555 0.018820 0.000000 

0.031784 0.022323 0.010658 
0.021732 0.015849 0.007296 
0.003231 0.002576 0.001065 

0.037877 0.003016 0.000000 
0.037876 0.003017 0.000000 
0.033871 0.002887 0.000000 

0.037092 0.004372 0.000003 
0.016383 0.002327 0.000002 
0.007753 0.001573 0.000001 

0.033878 0.003296 0.003268 0.003218 
0.020519 0.002851 0.002842 0.002560 
0.035782 0.003412 0.003388 0.003290 

0.030565 0.016175 0.014945 0.013313 
0.014163 0.007286 0.006419 0.006632 
0.014291 0.007340 0.006474 0.006690 
0.011387 0.006162 0.005151 0.005291 

0.037565 0.002253 0.000000 0.000000 
0.032759 0.002164 0.000000 0.000000 
0.035790 0.002227 0.000000 0.000000 
0.032348 0.002168 0.000000 0.000000 

0.037329 0.015440 0.033383 
0.018207 0.010271 0.016913 
0.009713 0.006749 0.009126 
0.009875 0.006825 0.009268 

0.023917 0.031590 0.004499 
0.024269 0.030842 0.004535 
0.025713 0.028616 0.004968 

0.036936 0.015091 0.000000 0.000000 
0.029748 0.013735 0.000000 0.000000 
0.004199 0.004543 0.000000 0.000000 

0.031330 0.028362 0.025351 0.022323 
0.020788 0.019438 0.017330 0.015860 
0.006196 0.006865 0.006099 0.006204 
0.004975 0.005400 0.004796 0.004870 

0.027182 0.035719 0.000017 
0.016925 0.022310 0.000016 
0.019973 0.027926 0.000020 
0.027360 0.035341 0.000017 

0.018791 0.027348 0.006855 0.004772 
0.023997 0.038071 0.009871 0.006062 
0.007906 0.009107 0.002332 0.002031 

0.032473 0.023570 0.001683 0.000690 
0.023527 0.036549 0.000838 0.000891 
0.025146 0.035158 0.000912 0.000873 
0.031202 0.022893 0.001609 0.000677 

0.001719 0.027593 0.000538 0.000154 
0.021224 0.000000 0.000138 0.000195 
0.014118 0.011454 0.000000 0.000215 
0.012294 0.038169 0.000016 0.000007 

