-3.499888 -3.499888 -3.578934 
-13.819719 -14.217720 -14.737822 
-23.975907 -24.679658 -26.131037 
-34.105289 -34.195003 -34.553541 -34.561940 -34.990990 
-44.326118 -44.527413 -190.522357 
-54.466823 -54.751016 -55.590293 
-64.622679 -66.625883 -81.899756 
-74.797262 -76.688307 -83.893150 
-84.955759 -86.774004 -86.774109 -86.869647 
-95.106046 -95.755889 -95.898401 -95.895857 
-105.235632 -107.453350 -116.780333 -116.795131 
-115.368764 -115.793696 -115.434195 
-125.534531 -125.671673 -127.145351 
-135.668831 -135.900863 -168.472893 -169.497185 
-145.824568 -145.845559 -145.964093 -145.993893 
-156.063854 -155.955894 -163.368659 
-166.218300 -166.107719 -167.466692 -167.576308 
-176.268001 -176.342868 -179.372164 -179.579700 
-186.403980 -186.469680 -190.794038 -191.049711 
