0.030201 0.030201 0.027905 
0.035691 0.024807 0.015350 
0.038854 0.029035 0.010104 
0.039893 0.036481 0.025932 0.025932 0.023746 
0.039838 0.032950 0.000000 
0.039463 0.030405 0.012924 
0.038865 0.008016 0.000000 
0.038148 0.006423 0.000005 
0.038753 0.012309 0.012309 0.009371 
0.039105 0.026476 0.017974 0.017974 
0.039893 0.009600 0.000001 0.000001 
0.039771 0.037350 0.037350 
0.038884 0.038884 0.007694 
0.039704 0.039704 0.000000 0.000000 
0.039258 0.039258 0.034807 0.034807 
0.039817 0.039817 0.000025 
0.039008 0.039008 0.010102 0.010102 
0.038677 0.038677 0.001775 0.001775 
0.039636 0.039636 0.000541 0.000541 
