0.000893 0.000893 0.000858 
0.000879 0.000878 0.000843 
0.001000 0.000396 0.000820 

0.001000 0.000662 0.000445 
0.000460 0.000304 0.000480 
0.000452 0.000299 0.000266 

0.001000 0.001000 0.000983 0.000974 0.000693 
0.000948 0.000948 0.000932 0.000924 0.000657 
0.000958 0.000959 0.000941 0.000934 0.000664 

0.000875 0.000865 0.000501 
0.001000 0.000988 0.000355 
0.000891 0.000880 0.000510 
0.000880 0.000869 0.000504 
0.000895 0.000884 0.000513 

0.000999 0.000976 0.000992 
0.000892 0.000871 0.000899 
0.000106 0.000105 0.000107 

0.001000 0.000654 0.000943 
0.000999 0.000654 0.000943 
0.000970 0.000634 0.000973 

0.000999 0.000896 0.000813 
0.000709 0.000635 0.000576 
0.000371 0.000454 0.000491 

0.001000 0.000511 0.000511 0.000610 
0.000817 0.000442 0.000442 0.000498 
0.000968 0.000528 0.000528 0.000630 

0.000999 0.000770 0.000984 0.000987 
0.000551 0.000424 0.000541 0.000558 
0.000551 0.000424 0.000541 0.000558 
0.000430 0.000331 0.000423 0.000436 

0.001000 0.000452 0.000350 0.000344 
0.000978 0.000442 0.000454 0.000448 
0.000988 0.000447 0.000459 0.000452 
0.000959 0.000434 0.000445 0.000439 

0.000999 0.000696 0.000997 
0.000717 0.000498 0.000718 
0.000452 0.000314 0.000454 
0.000459 0.000319 0.000460 

0.000989 0.000862 0.000998 
0.000984 0.000858 0.000997 
0.000792 0.000824 0.000802 

0.001000 0.000793 0.000792 0.000284 
0.000962 0.000763 0.000908 0.000326 
0.000304 0.000337 0.000932 0.000335 

0.000990 0.000969 0.000971 0.000942 
0.000894 0.000875 0.000877 0.000851 
0.000451 0.000496 0.000497 0.000506 
0.000356 0.000392 0.000393 0.000400 

0.000898 0.001000 0.000962 
0.000758 0.000845 0.000878 
0.000812 0.000904 0.000940 
0.000899 0.000998 0.000961 

0.000829 0.000926 0.000919 0.000823 
0.000895 0.001000 0.000992 0.000889 
0.000512 0.000572 0.000567 0.000508 

0.000908 0.000842 0.000928 0.000721 
0.001000 0.000928 0.000978 0.000794 
0.000993 0.000921 0.000984 0.000789 
0.000900 0.000835 0.000921 0.000715 

0.001000 0.000936 0.000908 0.000703 
0.000952 0.000995 0.000979 0.000758 
0.000756 0.000708 0.000995 0.000779 
0.000974 0.000911 0.000998 0.000997 

