0:
125157, [0.995298]

1:
173645, [0.922217]
173646, [0.888319]

2:
173646, 173647, 173648, 173649, 173650, 173651, 173652, 173653, 173654, 173655, 173656, 173657, 173658, 173659, 198928, 198929, 198930, 198931, [0.979883]

3:
152955, 152956, [0.935960]
152955, 158831, 158832, 158833, 158834, 158837, [0.930507]
198935, 152956, [0.906858]
198935, 158831, 158832, 158833, 158834, 158837, [0.920807]

4:
152956, 152957, 152958, 152959, [0.981393]

5:
158840, 152963, 152964, 152965, 205897, 205898, 205899, 125077, 125078, 205894, [0.961209]

6:
125115, 125116, 125117, 125118, 196166, [0.865613]

7:
7043, 7041, [0.933709]

8:
205147, 205145, 9216, 9214, 9212, 192353, [0.986496]

9:
192351, 192349, 192347, 192345, [0.974769]

10:
192345, 192343, 192341, 192339, 192337, [0.968970]

11:
192335, [0.981296]
192337, [0.962355]

12:
6440, [0.975577]

13:
6440, [0.981643]

14:
116873, 116875, 116877, [0.997881]

15:
175261, [0.995929]

16:
197347, [0.785060]

17:
197347, 197345, 197343, 197341, 197339, 197337, 197335, 197333, 197331, 197329, 197327, 197325, 197323, 197321, 197319, 197317, 197315, [0.995020]

18:
4365, 4367, 4369, 4371, [0.979301]

19:
4373, 4375, 4377, 4379, 4381, [0.991882]

20:
4383, 4385, 4387, 4389, 4391, [0.976696]

21:
72177, [0.929275]

22:
72177, 72179, 195647, 195649, 195651, 195653, 195655, 195657, 195659, 195661, 195663, 195665, 4249, [0.992261]
72177, 72179, 195647, 195649, 195651, 195653, 195655, 195657, 195659, 195661, 195663, 195665, 72173, [0.994260]

23:
4251, [0.946954]
72173, [0.881198]

24:
4279, [0.990136]

25:
4289, 4291, 4293, 4295, [0.968796]

26:
4299, [0.989802]

27:
146692, [0.983317]

28:
160535, 160536, [0.969444]

29:
4410, 4408, [0.958333]

30:
4406, 4404, 4402, [0.960835]

31:
4400, 4398, [0.991642]

32:
162923, [0.984996]

33:
146706, [0.821134]
146704, [0.821142]

34:
146706, 146708, 146710, 146712, 146714, 146716, 146718, [0.976512]

35:
146720, 146722, 146724, 146726, 146728, 146730, 146732, 146734, 146736, 146738, 146740, 146742, 146744, 146746, 146748, 146750, [0.985090]

36:
192603, [0.990645]
69570, [0.978354]

37:
2101, 2103, 2105, 2107, 2109, 2111, 2113, 2115, 2117, 2119, 2121, 2123, 2125, 2127, 146686, 152501, 152502, 152503, 152504, 152505, 152506, [0.982261]

38:
152506, 149189, 149127, [0.984730]

39:
149127, 149128, [0.976021]

40:
149129, 149130, 149131, 152495, 152497, 152499, [0.959726]

41:
152499, 192276, [0.994776]

42:
192278, 192280, 192282, 192284, 192286, 125790, 2129, 2131, [0.987649]

43:
2135, 2137, [0.962026]

44:
2139, 2141, [0.985240]

45:
87540, [0.834452]
87541, [0.856474]
87542, [0.835040]

46:
87542, 87543, 87544, 87545, 87546, 87547, 87548, 87549, 87550, [0.990118]

47:
87550, 87551, 87552, 87553, 87554, 87555, 87556, 87557, 87558, 87559, 87560, 87561, 87562, 87563, 87564, 87565, 87566, 87567, 87686, [0.981613]

48:
87686, 87687, 87688, 87689, 87690, 87691, 87692, 87693, [0.983538]

49:
87693, 87694, 87695, 87696, 87697, 87698, 87699, 87700, 87701, [0.980086]

50:
87701, 87702, 87703, 87704, 87705, [0.982083]

51:
87705, 87706, 87707, 87708, 87709, 87710, [0.988202]

52:
186280, 186281, 186282, 186283, 186284, 186285, 186286, 186287, 198073, 187536, 187537, 187538, 187539, 187551, 187552, 187553, 187554, 187555, 187556, 187557, [0.990757]

53:
187557, 172693, 172694, 172695, 172696, 172697, 172698, 187585, 187586, 187587, 187588, 187589, 187590, 187591, 187592, [0.988145]

54:
187592, 187593, 187594, [0.991148]

55:
187594, [0.962589]

56:
187532, 187533, [0.954289]

57:
187533, 187534, 163901, [0.973560]

58:
163903, 163904, [0.975631]

59:
163904, 163905, [0.962112]

60:
138045, 138043, [0.935465]

61:
138043, 138041, 138039, [0.954673]

62:
95226, 95228, 95230, [0.989156]

63:
159196, 159198, 159200, 159202, 158906, 158907, [0.958195]
159196, 159198, 159200, 159202, 158906, [0.952446]
159194, 159196, 159198, 159200, 159202, 158906, 158907, [0.963136]
159194, 159196, 159198, 159200, 159202, 158906, [0.959168]

