0:
125157, 125158, 173643, 173644, 173645,  [216.035935 292.566685 0.645750 ]
125157, 125158, 173643, 173644, 173645, 173646,  [216.035935 302.822034 0.598279 ]

1:
173645, 173646, 173647, 173648, 173649, 173650, 173651, 173652, 173653, 173654, 173655, 173656, 173657, 173658, 173659, 198928, 198929, 198930, 198931,  [695.035906 503.038268 0.723759 ]
173646, 173647, 173648, 173649, 173650, 173651, 173652, 173653, 173654, 173655, 173656, 173657, 173658, 173659, 198928, 198929, 198930, 198931,  [695.035906 480.595030 0.691468 ]

2:
173646, 173647, 173648, 173649, 173650, 173651, 173652, 173653, 173654, 173655, 173656, 173657, 173658, 173659, 198928, 198929, 198930, 198931, 198932, 198933, 198934, 198935, 158831, 158832, 158833, 158834, 158837, 158830, 158828, 158826, 116885, 158811, 158812, 158803, 158804, 158805, 158806, 158807, 158808, 158809, 158810, 152952, 152953, 152954, 152955, 152956,  [672.174458 1604.138735 0.000000 ]
173646, 173647, 173648, 173649, 173650, 173651, 173652, 173653, 173654, 173655, 173656, 173657, 173658, 173659, 198928, 198929, 198930, 198931, 198932, 198933, 198934, 198935, 158831, 158832, 158833, 158834, 158837, 158830, 158828, 158826, 116885, 158811, 158812, 158803, 158804, 158805, 158806, 158807, 158808, 158809, 158810, 152952, 152953, 152954, 152955, 158831, 158832, 158833, 158834, 158837,  [672.174458 1574.059812 0.000000 ]
173646, 173647, 173648, 173649, 173650, 173651, 173652, 173653, 173654, 173655, 173656, 173657, 173658, 173659, 198928, 198929, 198930, 198931, 198932, 198933, 198934, 198935, 152956,  [672.174458 751.364672 0.882188 ]
173646, 173647, 173648, 173649, 173650, 173651, 173652, 173653, 173654, 173655, 173656, 173657, 173658, 173659, 198928, 198929, 198930, 198931, 198932, 198933, 198934, 198935, 158831, 158832, 158833, 158834, 158837,  [672.174458 721.285748 0.926937 ]
173646, 173647, 173648, 173649, 173650, 173651, 173652, 173653, 173654, 173655, 173656, 173657, 173658, 173659, 198928, 198929, 198930, 198931, 198932, 198933, 198934, 198935, 158831, 158832, 158833, 158834, 158837, 158830, 158828, 158826, 116885, 158811, 158812, 158803, 158804, 158805, 158806, 158807, 158808, 152914, 152915, 152916, 158835, 158836, 158837,  [672.174458 1544.863635 0.000000 ]

3:
152955, 152956, 152957, 152958, 152959,  [587.040870 625.554519 0.934394 ]
152955, 158831, 158832, 158833, 158834, 158837, 158830, 158828, 158826, 116885, 158811, 158812, 158803, 158804, 158805, 158806, 158807, 158808, 158809, 158810, 152952, 152953, 152954, 152955, 152956, 152957, 152958, 152959,  [587.040870 1313.005516 0.000000 ]
198935, 152956, 152957, 152958, 152959,  [587.040870 623.074629 0.938618 ]
198935, 158831, 158832, 158833, 158834, 158837, 158830, 158828, 158826, 116885, 158811, 158812, 158803, 158804, 158805, 158806, 158807, 158808, 158809, 158810, 152952, 152953, 152954, 152955, 152956, 152957, 152958, 152959,  [587.040870 1310.525625 0.000000 ]
158835, 158836, 158837, 158830, 158828, 158826, 116885, 158811, 158812, 158803, 158804, 158805, 158806, 158807, 158808, 158809, 158810, 152952, 152953, 152954, 152955, 152956, 152957, 152958, 152959,  [587.040870 1310.617545 0.000000 ]
152955, 152956, 152957, 124486, 124487, 124488, 124489, 116884, 116885, 158811, 158812, 158803, 158804, 158805, 158806, 158807, 158808, 152914, 152915, 152916, 158835, 158836, 158837, 158838, 158839,  [587.040870 1632.891045 0.000000 ]
152955, 158831, 158832, 158833, 158834, 158837, 158838, 158839,  [587.040870 787.594055 0.658366 ]
198935, 152956, 152957, 124486, 124487, 124488, 124489, 116884, 116885, 158811, 158812, 158803, 158804, 158805, 158806, 158807, 158808, 152914, 152915, 152916, 158835, 158836, 158837, 158838, 158839,  [587.040870 1630.411154 0.000000 ]
198935, 158831, 158832, 158833, 158834, 158837, 158838, 158839,  [587.040870 785.114165 0.662590 ]
158835, 158836, 158837, 158838, 158839,  [587.040870 785.206085 0.662434 ]

4:
152956, 152957, 152958, 152959, 152960, 119170, 119171, 119184, 119186, 119188, 124496, 176802, 176804, 176806, 176808, 176810, 176812, 176814, 119122, 119147, 119149, 119151, 119117, 119118, 124486, 158839, 158840, 152963, 152964, 152965, 205897, 205898, 205899, 125077, 125078, 205894,  [859.589834 2200.029053 0.000000 ]
158837, 158838, 158839, 158840, 152963, 152964, 152965, 205897, 205898, 205899, 125077, 125078, 205894,  [859.589834 708.255905 0.823946 ]
152956, 152957, 152958, 152959, 152960, 152961, 152962, 152963, 152964, 152965, 205897, 205898, 205899, 125077, 125078, 205894,  [859.589834 702.328671 0.817051 ]
158837, 158838, 158839, 158840, 22941, 22942, 22943, 128375, 119178, 119180, 119182, 119184, 119186, 119188, 124496, 176802, 176804, 176806, 176808, 176810, 176812, 176814, 119122, 119147, 119149, 119151, 119117, 119118, 152958, 152959, 152960, 152961, 152962, 152963, 152964, 152965, 205897, 205898, 205899, 125077, 125078, 205894,  [859.589834 2340.141249 0.000000 ]

5:
158840, 152963, 152964, 152965, 205897, 205898, 205899, 125077, 125078, 205894, 125115, 125116, 125117, 125118, 196166,  [395.495024 343.581295 0.868737 ]
152959, 152960, 152961, 152962, 152963, 152964, 152965, 205897, 205898, 205899, 125077, 125078, 205894, 125115, 125116, 125117, 125118, 196166,  [395.495024 317.578014 0.802989 ]

6:
125115, 125116, 125117, 125118, 196166, 7043, 7041,  [184.708278 283.303853 0.466209 ]

7:
7043, 7041, 205147, 205145, 9216, 9214, 9212, 192353,  [692.013028 699.126646 0.989720 ]

8:
205147, 205145, 9216, 9214, 9212, 192353, 192351, 192349, 192347, 192345,  [732.497176 656.127574 0.895741 ]

9:
192351, 192349, 192347, 192345, 192343, 192341, 192339, 192337,  [262.728825 232.288237 0.884137 ]

10:
192345, 192343, 192341, 192339, 192337, 192335, 192333, 192355,  [529.572154 509.244347 0.961615 ]

11:
192335, 192333, 192355, 6444, 6442, 6440,  [688.535187 765.546666 0.888152 ]

12:
6444, 6442, 6440,  [386.000109 548.049427 0.580183 ]

13:
6440, 116873, 116875, 116877,  [255.510807 331.789862 0.701464 ]

14:
116873, 116875, 116877, 175261,  [262.933901 405.972720 0.455989 ]

15:
175261, 197347,  [126.550206 175.761207 0.611135 ]

16:
197347, 197345, 197343, 197341, 197339, 197337, 197335, 197333, 197331, 197329, 197327, 197325, 197323, 197321, 197319,  [409.625366 322.511115 0.787332 ]

17:
197347, 197345, 197343, 197341, 197339, 197337, 197335, 197333, 197331, 197329, 197327, 197325, 197323, 197321, 197319, 197318, 197320, 4361, 4363, 4365, 4367, 4369, 4371,  [486.465389 660.053538 0.643164 ]

18:
4365, 4367, 4369, 4371, 4373, 4375, 4377, 4379, 4381,  [486.793788 440.262040 0.904412 ]

19:
4371, 4373, 4375, 4377, 4379, 4381, 4383, 4385, 4387, 4389, 4391,  [443.093784 362.575285 0.818281 ]

20:
4383, 4385, 4387, 4389, 4391, 72175, 72177,  [275.828914 372.553408 0.649332 ]

21:
72177, 72179, 195647, 195649, 195651, 195653, 195655, 195657, 195659, 195661, 195663, 195665, 4249,  [679.266902 536.372584 0.789635 ]
72177, 72179, 195647, 195649, 195651, 195653, 195655, 195657, 195659, 195661, 195663, 195665, 72173,  [679.266902 602.304703 0.886698 ]

22:
72177, 72179, 195647, 195649, 195651, 195653, 195655, 195657, 195659, 195661, 195663, 195665, 4249, 4251, 4253, 4255, 4257, 4259,  [671.355534 527.269362 0.785380 ]
72177, 72179, 195647, 195649, 195651, 195653, 195655, 195657, 195659, 195661, 195663, 195665, 72173, 72174, 4249, 4251, 4253, 4255, 4257, 4259,  [671.355534 760.273727 0.867554 ]
72177, 72179, 195647, 195649, 195651, 195653, 195655, 195657, 195659, 195661, 195663, 195665, 4249, 4250, 72173,  [671.355534 636.871708 0.948636 ]
72177, 72179, 195647, 195649, 195651, 195653, 195655, 195657, 195659, 195661, 195663, 195665, 72173,  [671.355534 608.073879 0.905740 ]

23:
4251, 4253, 4255, 4257, 4259, 4261, 4263,  [104.591512 73.590400 0.703598 ]
72173, 72174, 4249, 4251, 4253, 4255, 4257, 4259, 4261, 4263,  [104.591512 340.901433 0.000000 ]

24:
4259, 4261, 4263, 4265, 4267, 4269, 4271, 4273, 4275, 4277, 4279, 4281,  [438.014689 573.555214 0.690557 ]

25:
4277, 4279, 4281, 4283, 4285, 4287, 4289, 4291, 4293, 4295,  [429.076882 333.255178 0.776679 ]

26:
4283, 4285, 4287, 4289, 4291, 4293, 4295, 4297, 4299,  [191.211984 275.811119 0.557564 ]

27:
4299, 146692,  [159.867996 275.167076 0.278786 ]

28:
146692, 160535, 160536,  [161.948474 266.006516 0.357462 ]

29:
160535, 160536, 4410, 4408,  [290.032007 306.390714 0.943597 ]

30:
4410, 4408, 4406, 4404, 4402,  [317.456057 265.453532 0.836190 ]

31:
4406, 4404, 4402, 4400, 4398,  [252.482713 257.328519 0.980807 ]

32:
4400, 4398, 162923,  [235.932047 410.829431 0.258696 ]

33:
162923, 146706,  [155.960232 222.766185 0.571648 ]
162923, 146705, 146704,  [155.960232 308.127958 0.024317 ]

34:
146706, 146708, 146710, 146712, 146714, 146716, 146718, 146720,  [488.987111 703.347111 0.561624 ]
146704, 146706, 146708, 146710, 146712, 146714, 146716, 146718, 146720,  [488.987111 800.563829 0.362812 ]
146706, 146708, 146710, 146712, 146714, 146716, 146718,  [488.987111 664.962385 0.640123 ]
146704, 146706, 146708, 146710, 146712, 146714, 146716, 146718,  [488.987111 762.179103 0.441310 ]

35:
146720, 146722, 146724, 146726, 146728, 146730, 146732, 146734, 146736, 146738, 146740, 146742, 146744, 146746, 146748, 146750,  [1416.594794 791.340377 0.558622 ]
146718, 146720, 146722, 146724, 146726, 146728, 146730, 146732, 146734, 146736, 146738, 146740, 146742, 146744, 146746, 146748, 146750,  [1416.594794 847.476796 0.598249 ]

36:
146720, 146722, 146724, 146726, 146728, 146730, 146732, 146734, 146736, 146738, 146740, 146742, 146744, 146746, 146748, 146750, 147199, 192607, 192605, 192603,  [984.146140 1137.015304 0.844668 ]
146720, 146722, 146724, 146726, 146728, 146730, 146732, 146734, 146736, 146738, 146740, 146742, 146744, 146746, 146748, 146750, 147199, 192607, 192605, 192603, 69570,  [984.146140 1252.363366 0.727462 ]

37:
192603, 2101, 2103, 2105, 2107, 2109, 2111, 2113, 2115, 2117, 2119, 2121, 2123, 2125, 2127, 146686, 152501, 152502, 152503, 152504, 152505, 152506,  [1553.216192 1411.343381 0.908659 ]
69570, 69569, 2101, 2103, 2105, 2107, 2109, 2111, 2113, 2115, 2117, 2119, 2121, 2123, 2125, 2127, 146686, 152501, 152502, 152503, 152504, 152505, 152506,  [1553.216192 1742.159093 0.878354 ]

38:
2101, 2103, 2105, 2107, 2109, 2111, 2113, 2115, 2117, 2119, 2121, 2123, 2125, 2127, 146686, 152501, 152502, 152503, 152504, 152505, 152506, 149189, 149127,  [1719.952683 1549.231562 0.900741 ]

39:
152506, 149189, 149127, 149128,  [420.892792 363.775893 0.864296 ]

40:
149127, 149128, 149129, 149130, 149131, 152495, 152497, 152499,  [408.521726 409.127357 0.998518 ]

41:
149129, 149130, 149131, 152495, 152497, 152499, 192276,  [369.700646 382.576033 0.965173 ]

42:
152499, 192276, 192278, 192280, 192282, 192284, 192286, 125790, 2129, 2131, 2133, 2135,  [603.974185 604.330590 0.999410 ]

43:
192278, 192280, 192282, 192284, 192286, 125790, 2129, 2131, 2133, 2135, 2137,  [610.413074 596.901729 0.977865 ]

44:
2135, 2137, 2139, 2141,  [488.028146 403.983714 0.827788 ]

45:
2139, 2141, 2143, 2145, 87540,  [312.858645 279.558304 0.893561 ]
2139, 2141, 2143, 2145, 87540, 87541,  [312.858645 285.679440 0.913126 ]
2139, 2141, 2143, 2145, 87540, 87541, 87542,  [312.858645 299.124684 0.956102 ]

46:
87540, 87541, 87542, 87543, 87544, 87545, 87546, 87547, 87548, 87549, 87550,  [304.760671 315.836308 0.963658 ]
87541, 87542, 87543, 87544, 87545, 87546, 87547, 87548, 87549, 87550,  [304.760671 301.214236 0.988363 ]
87542, 87543, 87544, 87545, 87546, 87547, 87548, 87549, 87550,  [304.760671 297.272610 0.975430 ]

47:
87542, 87543, 87544, 87545, 87546, 87547, 87548, 87549, 87550, 87551, 87552, 87553, 87554, 87555, 87556, 87557, 87558, 87559, 87560, 87561, 87562, 87563, 87564, 87565, 87566, 87567, 87686,  [1390.946248 1216.522182 0.874600 ]

48:
87550, 87551, 87552, 87553, 87554, 87555, 87556, 87557, 87558, 87559, 87560, 87561, 87562, 87563, 87564, 87565, 87566, 87567, 87686, 87687, 87688, 87689, 87690, 87691, 87692, 87693,  [1611.653779 1383.942812 0.858710 ]

49:
87686, 87687, 87688, 87689, 87690, 87691, 87692, 87693, 87694, 87695, 87696, 87697, 87698, 87699, 87700,  [967.208849 783.505524 0.810069 ]

50:
87693, 87694, 87695, 87696, 87697, 87698, 87699, 87700, 87701, 87702, 87703, 87704, 87705,  [1179.359124 1143.592219 0.969673 ]

51:
87701, 87702, 87703, 87704, 87705, 87706, 87707, 87708, 87709,  [1034.618148 860.384250 0.831596 ]

52:
87705, 87706, 87707, 87708, 87709, 87710, 186280, 186281, 186282, 186283, 186284, 186285, 186286, 186287, 198073, 187536, 187537, 187538, 187539, 187551, 187552, 187553, 187554, 187555, 187556, 187557,  [1487.523484 1419.077645 0.953987 ]

53:
186280, 186281, 186282, 186283, 186284, 186285, 186286, 186287, 198073, 187536, 187537, 187538, 187539, 187551, 187552, 187553, 187554, 187555, 187556, 187557, 172693, 172694, 172695, 172696, 172697, 172698, 187585, 187586, 187587, 187588, 187589, 187590, 187591, 187592,  [3216.779401 2673.270102 0.831039 ]

54:
187557, 172693, 172694, 172695, 172696, 172697, 172698, 187585, 187586, 187587, 187588, 187589, 187590, 187591, 187592, 187593, 187594,  [2097.402119 1852.711343 0.883336 ]

55:
187592, 187593, 187594,  [403.728095 533.845335 0.677711 ]

56:
187594, 187532, 187533,  [397.068834 364.649665 0.918354 ]

57:
187532, 187533, 187534, 163901,  [483.194153 509.887509 0.944756 ]

58:
187533, 187534, 163901, 163903, 163904,  [307.917752 324.707777 0.945472 ]

59:
163903, 163904, 163905,  [231.544923 307.258219 0.673008 ]

60:
163904, 163905, 138045, 138043,  [208.829465 241.940028 0.841447 ]

61:
138045, 138043, 138041, 138039,  [281.949557 332.123539 0.822046 ]

62:
138043, 138041, 138039, 95226, 95228, 95230,  [602.066985 681.614477 0.867876 ]

63:
95226, 95228, 95230, 159196, 159198, 159200, 159202, 158906, 158907,  [571.848981 616.141701 0.922545 ]
95226, 95228, 95230, 159196, 159198, 159200, 159202, 158906,  [571.848981 598.113628 0.954071 ]
95226, 95228, 95230, 159195, 159194, 159196, 159198, 159200, 159202, 158906, 158907,  [571.848981 891.513809 0.440998 ]
95226, 95228, 95230, 159195, 159194, 159196, 159198, 159200, 159202, 158906,  [571.848981 873.485735 0.472524 ]

