0,47.6696583333333,-122.136306666667
1,47.66969,-122.13639
2,47.6697116666667,-122.13649
3,47.6697266666667,-122.136581666667
4,47.6697433333333,-122.13668
5,47.66975,-122.136786666667
6,47.6697583333333,-122.136886666667
7,47.6697616666667,-122.136993333333
8,47.669765,-122.1371
9,47.6697733333333,-122.137215
10,47.6697766666667,-122.137321666667
11,47.669785,-122.137428333333
12,47.669785,-122.137511666667
13,47.669785,-122.137581666667
14,47.6697766666667,-122.137618333333
15,47.6697733333333,-122.13765
16,47.6697616666667,-122.137665
17,47.66975,-122.13768
18,47.669735,-122.137703333333
19,47.6697,-122.137733333333
20,47.6696516666667,-122.137756666667
21,47.6695866666667,-122.137771666667
22,47.6695016666667,-122.137771666667
23,47.6694066666667,-122.137771666667
24,47.6693033333333,-122.137756666667
25,47.6692016666667,-122.137756666667
26,47.6690983333333,-122.137756666667
27,47.6689916666667,-122.137756666667
28,47.6688766666667,-122.137756666667
29,47.6687583333333,-122.137771666667
30,47.66864,-122.137771666667
31,47.668515,-122.137786666667
32,47.6683916666667,-122.137786666667
33,47.6682816666667,-122.137801666667
34,47.6681666666667,-122.137801666667
35,47.6680683333333,-122.137801666667
36,47.6679833333333,-122.137801666667
37,47.6679233333333,-122.13781
38,47.667885,-122.13781
39,47.6678616666667,-122.13781
40,47.6678616666667,-122.13781
41,47.6678583333333,-122.13781
42,47.667855,-122.137825
43,47.6678383333333,-122.13784
44,47.6678233333333,-122.13787
45,47.6678116666667,-122.13794
46,47.667805,-122.138015
47,47.6678016666667,-122.13813
48,47.667805,-122.138236666667
49,47.667805,-122.138375
50,47.667805,-122.138535
51,47.667805,-122.138718333333
52,47.667805,-122.138908333333
53,47.667805,-122.139098333333
54,47.667805,-122.139305
55,47.6678116666667,-122.139503333333
56,47.66782,-122.13974
57,47.6678233333333,-122.139968333333
58,47.6678283333333,-122.140205
59,47.6678316666667,-122.14045
60,47.667835,-122.140678333333
61,47.6678383333333,-122.140915
62,47.6678466666667,-122.141143333333
63,47.6678466666667,-122.14138
64,47.6678466666667,-122.141586666667
65,47.667855,-122.1418
66,47.6678616666667,-122.142006666667
67,47.667865,-122.142211666667
68,47.6678733333333,-122.142418333333
69,47.6678733333333,-122.142593333333
70,47.6678766666667,-122.142746666667
71,47.6678816666667,-122.142853333333
72,47.6679033333333,-122.142951666667
73,47.66795,-122.14302
74,47.668015,-122.143043333333
75,47.6680983333333,-122.143058333333
76,47.668205,-122.143058333333
77,47.6683266666667,-122.143058333333
78,47.668465,-122.143043333333
79,47.6686133333333,-122.143043333333
80,47.66877,-122.143043333333
81,47.6689266666667,-122.143043333333
82,47.66909,-122.143043333333
83,47.66925,-122.143028333333
84,47.669415,-122.143028333333
85,47.6695816666667,-122.143028333333
86,47.66975,-122.143028333333
87,47.669915,-122.14302
88,47.6700866666667,-122.14302
89,47.6702533333333,-122.14302
90,47.6704183333333,-122.14302
91,47.670585,-122.14302
92,47.6707533333333,-122.143005
93,47.670925,-122.143005
94,47.6710933333333,-122.143005
95,47.6712683333333,-122.143005
96,47.6714433333333,-122.143005
97,47.67162,-122.143005
98,47.6718033333333,-122.143005
99,47.6719783333333,-122.143005
100,47.6721616666667,-122.143005
101,47.67234,-122.14299
102,47.6725233333333,-122.14299
103,47.6727066666667,-122.14299
104,47.6728866666667,-122.14299
105,47.673065,-122.14299
106,47.67324,-122.14299
107,47.6734083333333,-122.142975
108,47.67358,-122.142975
109,47.6737516666667,-122.142975
110,47.6739166666667,-122.142975
111,47.6740716666667,-122.14299
112,47.674225,-122.143005
113,47.6743666666667,-122.14302
114,47.6745,-122.143028333333
115,47.6746183333333,-122.143043333333
116,47.6747283333333,-122.143058333333
117,47.67482,-122.143073333333
118,47.6748966666667,-122.14309
119,47.6749533333333,-122.143096666667
120,47.6749916666667,-122.143111666667
121,47.6750066666667,-122.143111666667
122,47.67501,-122.143111666667
123,47.67501,-122.143126666667
124,47.67501,-122.143126666667
125,47.6750066666667,-122.143126666667
126,47.6750066666667,-122.143126666667
127,47.6750033333333,-122.143126666667
128,47.675,-122.143126666667
129,47.675,-122.143126666667
130,47.675,-122.143126666667
131,47.674995,-122.143126666667
132,47.6749916666667,-122.143126666667
133,47.6749883333333,-122.143126666667
134,47.6749883333333,-122.143143333333
135,47.6749833333333,-122.143143333333
136,47.6749833333333,-122.143143333333
137,47.67498,-122.143143333333
138,47.6749766666667,-122.143143333333
139,47.6749766666667,-122.143143333333
140,47.6749733333333,-122.143143333333
141,47.6749733333333,-122.143143333333
142,47.6749683333333,-122.143143333333
143,47.6749683333333,-122.143143333333
144,47.6749683333333,-122.143143333333
145,47.6749683333333,-122.143143333333
146,47.6749683333333,-122.143143333333
147,47.674965,-122.143143333333
148,47.674965,-122.143143333333
149,47.6749616666667,-122.143143333333
150,47.6749616666667,-122.143143333333
151,47.6749616666667,-122.143143333333
152,47.6749566666667,-122.143143333333
153,47.6749566666667,-122.143143333333
154,47.6749566666667,-122.143143333333
155,47.6749533333333,-122.143143333333
156,47.6749533333333,-122.143143333333
157,47.6749533333333,-122.143143333333
158,47.67495,-122.143143333333
159,47.67495,-122.143143333333
160,47.67495,-122.143143333333
161,47.674945,-122.143143333333
162,47.674945,-122.143143333333
163,47.674945,-122.143143333333
164,47.674945,-122.143143333333
165,47.6749416666667,-122.143143333333
166,47.6749416666667,-122.143143333333
167,47.6749416666667,-122.143143333333
168,47.6749416666667,-122.143143333333
169,47.6749383333333,-122.143143333333
170,47.6749383333333,-122.143143333333
171,47.6749383333333,-122.143143333333
172,47.6749383333333,-122.143143333333
173,47.6749383333333,-122.143143333333
174,47.674935,-122.143143333333
175,47.674935,-122.143143333333
176,47.674935,-122.143143333333
177,47.674935,-122.143143333333
178,47.674935,-122.143143333333
179,47.674935,-122.143143333333
180,47.674935,-122.143143333333
181,47.674935,-122.143143333333
182,47.674935,-122.143143333333
183,47.674935,-122.143143333333
184,47.674935,-122.143143333333
185,47.67493,-122.143143333333
186,47.67493,-122.143143333333
187,47.674935,-122.143143333333
188,47.674935,-122.143143333333
189,47.674935,-122.143126666667
190,47.674935,-122.143126666667
191,47.674935,-122.143126666667
192,47.6749383333333,-122.143126666667
193,47.6749383333333,-122.143111666667
194,47.6749383333333,-122.143111666667
195,47.6749383333333,-122.143111666667
196,47.6749383333333,-122.143111666667
197,47.6749383333333,-122.143111666667
198,47.6749383333333,-122.143111666667
199,47.6749383333333,-122.143111666667
200,47.6749383333333,-122.143111666667
201,47.6749416666667,-122.143111666667
202,47.6749616666667,-122.143111666667
203,47.6750033333333,-122.143126666667
204,47.6750633333333,-122.143143333333
205,47.6751216666667,-122.143181666667
206,47.6751716666667,-122.14325
207,47.675205,-122.143348333333
208,47.675225,-122.143455
209,47.6752283333333,-122.143593333333
210,47.6752283333333,-122.143738333333
211,47.6752283333333,-122.14389
212,47.6752283333333,-122.144066666667
213,47.6752316666667,-122.144265
214,47.675235,-122.14444
215,47.67524,-122.14463
216,47.67524,-122.144821666667
217,47.6752283333333,-122.145026666667
218,47.6752166666667,-122.14524
219,47.6751933333333,-122.145461666667
220,47.6751633333333,-122.145698333333
221,47.6751216666667,-122.145926666667
222,47.6750633333333,-122.146156666667
223,47.67501,-122.146393333333
224,47.67495,-122.146621666667
225,47.6748916666667,-122.146843333333
226,47.674835,-122.147086666667
227,47.67479,-122.147323333333
228,47.67474,-122.147551666667
229,47.6746866666667,-122.147773333333
230,47.67466,-122.148018333333
231,47.6746483333333,-122.148293333333
232,47.674645,-122.148551666667
233,47.6746566666667,-122.148796666667
234,47.674675,-122.149055
235,47.674705,-122.1493
236,47.6747366666667,-122.149536666667
237,47.6748016666667,-122.14978
238,47.6748766666667,-122.150025
239,47.6749883333333,-122.150261666667
240,47.67509,-122.150475
241,47.6752016666667,-122.150695
242,47.6753316666667,-122.150916666667
243,47.6754566666667,-122.15113
244,47.675575,-122.151336666667
245,47.67569,-122.151543333333
246,47.6758,-122.151748333333
247,47.6759033333333,-122.151923333333
248,47.6759983333333,-122.1521
249,47.6760866666667,-122.152283333333
250,47.67617,-122.152428333333
251,47.6762383333333,-122.15258
252,47.6763,-122.152701666667
253,47.6763416666667,-122.152801666667
254,47.6763766666667,-122.152893333333
255,47.6764033333333,-122.152946666667
256,47.6764183333333,-122.153
257,47.6764333333333,-122.15303
258,47.6764333333333,-122.153045
259,47.6764366666667,-122.153061666667
260,47.6764366666667,-122.153061666667
261,47.6764366666667,-122.153061666667
262,47.6764366666667,-122.153045
263,47.6764333333333,-122.153045
264,47.6764333333333,-122.153045
265,47.6764333333333,-122.153045
266,47.6764333333333,-122.153045
267,47.6764333333333,-122.153045
268,47.6764333333333,-122.153045
269,47.6764333333333,-122.153045
270,47.6764333333333,-122.153045
271,47.6764333333333,-122.153045
272,47.6764333333333,-122.15303
273,47.6764333333333,-122.15303
274,47.6764333333333,-122.15303
275,47.6764333333333,-122.15303
276,47.6764333333333,-122.15303
277,47.6764333333333,-122.15303
278,47.6764333333333,-122.15303
279,47.6764333333333,-122.15303
280,47.6764333333333,-122.15303
281,47.6764333333333,-122.15303
282,47.6764416666667,-122.153061666667
283,47.67646,-122.153098333333
284,47.6764866666667,-122.153183333333
285,47.6765216666667,-122.153275
286,47.676555,-122.153388333333
287,47.67659,-122.153495
288,47.6766283333333,-122.153618333333
289,47.6766783333333,-122.15377
290,47.6767266666667,-122.153915
291,47.676785,-122.154083333333
292,47.6768383333333,-122.154258333333
293,47.6768916666667,-122.154426666667
294,47.6769483333333,-122.154586666667
295,47.67701,-122.154778333333
296,47.67707,-122.154968333333
297,47.677135,-122.155158333333
298,47.6772033333333,-122.155365
299,47.6772766666667,-122.155586666667
300,47.677345,-122.155806666667
301,47.6774133333333,-122.156006666667
302,47.6774783333333,-122.156211666667
303,47.6775433333333,-122.156418333333
304,47.6776116666667,-122.156638333333
305,47.6776816666667,-122.156845
306,47.6777533333333,-122.157058333333
307,47.6778216666667,-122.157295
308,47.6778866666667,-122.157523333333
309,47.677955,-122.157745
310,47.6780283333333,-122.157975
311,47.6780966666667,-122.15821
312,47.6781766666667,-122.158455
313,47.6782533333333,-122.158683333333
314,47.67833,-122.158935
315,47.6784133333333,-122.159165
316,47.6784933333333,-122.159408333333
317,47.6785733333333,-122.159653333333
318,47.67865,-122.159905
319,47.6787333333333,-122.160148333333
320,47.6788133333333,-122.160393333333
321,47.6788983333333,-122.160636666667
322,47.6789816666667,-122.160896666667
323,47.67907,-122.161148333333
324,47.67915,-122.161391666667
325,47.6792333333333,-122.161621666667
326,47.6793066666667,-122.161858333333
327,47.679375,-122.162086666667
328,47.6794316666667,-122.162308333333
329,47.6794816666667,-122.162513333333
330,47.67952,-122.162705
331,47.6795466666667,-122.16288
332,47.679565,-122.163033333333
333,47.6795733333333,-122.16317
334,47.67958,-122.163261666667
335,47.679585,-122.16333
336,47.679585,-122.16336
337,47.679585,-122.16336
338,47.679585,-122.16336
339,47.679585,-122.16336
340,47.67958,-122.16336
341,47.67958,-122.16336
342,47.67958,-122.16336
343,47.6795766666667,-122.163345
344,47.6795766666667,-122.163345
345,47.6795766666667,-122.163345
346,47.6795766666667,-122.163345
347,47.6795766666667,-122.163345
348,47.6795766666667,-122.163345
349,47.6795766666667,-122.163345
350,47.6795733333333,-122.163345
351,47.6795733333333,-122.16333
352,47.6795733333333,-122.16333
353,47.6795733333333,-122.16333
354,47.6795733333333,-122.16333
355,47.6795733333333,-122.16333
356,47.6795733333333,-122.16333
357,47.6795733333333,-122.16333
358,47.6795733333333,-122.16333
359,47.6795733333333,-122.16333
360,47.6795733333333,-122.16333
361,47.6795733333333,-122.163315
362,47.6795766666667,-122.163315
363,47.6795766666667,-122.163315
364,47.6795766666667,-122.163315
365,47.6795766666667,-122.163315
366,47.6795766666667,-122.163315
367,47.6795766666667,-122.163315
368,47.6795766666667,-122.16333
369,47.67958,-122.16336
370,47.679585,-122.163413333333
371,47.6795883333333,-122.163505
372,47.6795916666667,-122.16362
373,47.6795916666667,-122.163726666667
374,47.6795916666667,-122.163833333333
375,47.6795916666667,-122.163971666667
376,47.6795916666667,-122.164093333333
377,47.6795916666667,-122.16423
378,47.6795916666667,-122.164383333333
379,47.6795916666667,-122.164535
380,47.6795883333333,-122.16468
381,47.6795883333333,-122.164818333333
382,47.679585,-122.164955
383,47.679585,-122.165076666667
384,47.67958,-122.16523
385,47.6795766666667,-122.165381666667
386,47.6795733333333,-122.165543333333
387,47.67957,-122.16571
388,47.679565,-122.165855
389,47.6795616666667,-122.166008333333
390,47.6795533333333,-122.16616
391,47.67955,-122.16632
392,47.6795466666667,-122.166473333333
393,47.6795433333333,-122.166633333333
394,47.6795383333333,-122.166801666667
395,47.6795316666667,-122.166961666667
396,47.6795266666667,-122.16713
397,47.6795166666667,-122.16729
398,47.679505,-122.167441666667
399,47.6795,-122.167603333333
400,47.6794933333333,-122.167755
401,47.6794883333333,-122.167908333333
402,47.6794883333333,-122.16803
403,47.679485,-122.168136666667
404,47.679485,-122.168235
405,47.6794816666667,-122.16832
406,47.6794783333333,-122.168396666667
407,47.6794783333333,-122.16848
408,47.6794783333333,-122.168548333333
409,47.6794783333333,-122.168616666667
410,47.6794733333333,-122.16867
411,47.6794733333333,-122.16874
412,47.6794733333333,-122.168838333333
413,47.67947,-122.168945
414,47.67947,-122.169066666667
415,47.6794666666667,-122.169205
416,47.6794666666667,-122.169365
417,47.6794616666667,-122.169533333333
418,47.6794583333333,-122.169708333333
419,47.679455,-122.169876666667
420,47.6794516666667,-122.170036666667
421,47.6794466666667,-122.170203333333
422,47.6794466666667,-122.170365
423,47.6794433333333,-122.17054
424,47.67944,-122.170708333333
425,47.679435,-122.170883333333
426,47.679435,-122.171051666667
427,47.6794316666667,-122.171226666667
428,47.6794316666667,-122.171386666667
429,47.6794283333333,-122.17157
430,47.679425,-122.171715
431,47.679425,-122.171883333333
432,47.67942,-122.172043333333
433,47.6794166666667,-122.17221
434,47.6794133333333,-122.172371666667
435,47.6794083333333,-122.172553333333
436,47.679405,-122.172715
437,47.6794016666667,-122.17289
438,47.6794016666667,-122.173058333333
439,47.6793983333333,-122.173233333333
440,47.6793933333333,-122.173385
441,47.67939,-122.173546666667
442,47.6793866666667,-122.173713333333
443,47.6793866666667,-122.173866666667
444,47.6793816666667,-122.174011666667
445,47.6793783333333,-122.174163333333
446,47.6793783333333,-122.174301666667
447,47.679375,-122.174438333333
448,47.679375,-122.17456
449,47.6793716666667,-122.174683333333
450,47.6793716666667,-122.17479
451,47.6793716666667,-122.174903333333
452,47.6793666666667,-122.174995
453,47.6793666666667,-122.17508
454,47.6793666666667,-122.175133333333
455,47.6793666666667,-122.175186666667
456,47.6793666666667,-122.17524
457,47.6793666666667,-122.17527
458,47.6793666666667,-122.1753
459,47.6793666666667,-122.175323333333
460,47.6793666666667,-122.175338333333
461,47.6793666666667,-122.175353333333
462,47.6793666666667,-122.175353333333
463,47.6793666666667,-122.175353333333
464,47.6793716666667,-122.175353333333
465,47.6793716666667,-122.175353333333
466,47.6793716666667,-122.175353333333
467,47.679375,-122.175353333333
468,47.679375,-122.175353333333
469,47.679375,-122.175353333333
470,47.6793783333333,-122.175353333333
471,47.6793783333333,-122.175353333333
472,47.6793783333333,-122.175361666667
473,47.6793816666667,-122.175361666667
474,47.6793816666667,-122.175361666667
475,47.6793816666667,-122.175361666667
476,47.6793866666667,-122.175361666667
477,47.6793816666667,-122.175361666667
478,47.6793816666667,-122.175361666667
479,47.6793816666667,-122.175353333333
480,47.6793816666667,-122.175353333333
481,47.6793816666667,-122.175353333333
482,47.6793816666667,-122.175353333333
483,47.6793816666667,-122.175353333333
484,47.6793816666667,-122.175353333333
485,47.6793783333333,-122.175353333333
486,47.6793783333333,-122.175353333333
487,47.6793783333333,-122.175338333333
488,47.6793783333333,-122.175338333333
489,47.6793783333333,-122.175338333333
490,47.6793783333333,-122.175338333333
491,47.6793783333333,-122.175338333333
492,47.6793783333333,-122.175338333333
493,47.679375,-122.175338333333
494,47.679375,-122.175338333333
495,47.679375,-122.175338333333
496,47.679375,-122.175361666667
497,47.679375,-122.175391666667
498,47.679375,-122.17543
499,47.6793716666667,-122.175498333333
500,47.6793716666667,-122.175583333333
501,47.6793666666667,-122.17569
502,47.6793666666667,-122.175803333333
503,47.6793666666667,-122.175926666667
504,47.6793633333333,-122.176063333333
505,47.6793633333333,-122.176216666667
506,47.67936,-122.176376666667
507,47.679355,-122.176528333333
508,47.6793516666667,-122.176666666667
509,47.6793483333333,-122.176826666667
510,47.679345,-122.176978333333
511,47.67934,-122.177123333333
512,47.67934,-122.177291666667
513,47.6793366666667,-122.177451666667
514,47.6793333333333,-122.17762
515,47.6793333333333,-122.177795
516,47.6793283333333,-122.177963333333
517,47.679325,-122.178138333333
518,47.6793216666667,-122.178315
519,47.6793166666667,-122.178496666667
520,47.6793133333333,-122.178673333333
521,47.6793133333333,-122.178848333333
522,47.67931,-122.179023333333
523,47.6793066666667,-122.179206666667
524,47.6793016666667,-122.179398333333
525,47.6793016666667,-122.179573333333
526,47.6793066666667,-122.179733333333
527,47.6793133333333,-122.179916666667
528,47.6793216666667,-122.180061666667
529,47.6793216666667,-122.180191666667
530,47.679325,-122.180283333333
531,47.679325,-122.180381666667
532,47.679325,-122.180473333333
533,47.6793283333333,-122.180595
534,47.6793333333333,-122.180748333333
535,47.6793366666667,-122.180908333333
536,47.6793366666667,-122.181098333333
537,47.67934,-122.181296666667
538,47.67934,-122.181511666667
539,47.6793366666667,-122.181716666667
540,47.6793366666667,-122.181923333333
541,47.6793333333333,-122.182113333333
542,47.67934,-122.182288333333
543,47.6793783333333,-122.182441666667
544,47.679455,-122.182548333333
545,47.6795583333333,-122.182601666667
546,47.67968,-122.182616666667
547,47.6798133333333,-122.182631666667
548,47.679955,-122.182648333333
549,47.680095,-122.182716666667
550,47.68023,-122.182823333333
551,47.6803583333333,-122.182975
552,47.6804816666667,-122.183151666667
553,47.680615,-122.183326666667
554,47.6807516666667,-122.183495
555,47.6809083333333,-122.183631666667
556,47.6810766666667,-122.183723333333
557,47.6812583333333,-122.183776666667
558,47.6814583333333,-122.183776666667
559,47.6816666666667,-122.183753333333
560,47.681885,-122.183708333333
561,47.68211,-122.183655
562,47.6823383333333,-122.183601666667
563,47.6825716666667,-122.183548333333
564,47.6828083333333,-122.18348
565,47.6830483333333,-122.183426666667
566,47.683285,-122.183371666667
567,47.6835333333333,-122.183303333333
568,47.6837766666667,-122.183235
569,47.6840283333333,-122.183151666667
570,47.6842733333333,-122.183083333333
571,47.68452,-122.182998333333
572,47.6847716666667,-122.18293
573,47.6850283333333,-122.182861666667
574,47.6852866666667,-122.182785
575,47.685555,-122.182716666667
576,47.6858183333333,-122.182631666667
577,47.686085,-122.182548333333
578,47.6863433333333,-122.182471666667
579,47.6866033333333,-122.182388333333
580,47.686855,-122.182288333333
581,47.6871066666667,-122.18222
582,47.687355,-122.182143333333
583,47.6876033333333,-122.18206
584,47.6878516666667,-122.181976666667
585,47.6881066666667,-122.181891666667
586,47.6883616666667,-122.181823333333
587,47.6886216666667,-122.181746666667
588,47.6888816666667,-122.181678333333
589,47.6891366666667,-122.181595
590,47.6893916666667,-122.181526666667
591,47.6896316666667,-122.181458333333
592,47.6898683333333,-122.181388333333
593,47.690125,-122.18132
594,47.6903716666667,-122.181266666667
595,47.690625,-122.181198333333
596,47.69088,-122.181145
597,47.69114,-122.181076666667
598,47.6913983333333,-122.181023333333
599,47.6916583333333,-122.18097
600,47.6919216666667,-122.180908333333
601,47.69218,-122.180855
602,47.69244,-122.180801666667
603,47.6927033333333,-122.180748333333
604,47.6929666666667,-122.180695
605,47.69323,-122.180648333333
606,47.6934966666667,-122.180595
607,47.6937633333333,-122.180556666667
608,47.694035,-122.180518333333
609,47.6943016666667,-122.180473333333
610,47.6945683333333,-122.180435
611,47.694835,-122.18039
612,47.6951066666667,-122.180351666667
613,47.6953766666667,-122.180313333333
614,47.695645,-122.180266666667
615,47.695915,-122.18023
616,47.69619,-122.180191666667
617,47.69646,-122.18013
618,47.696735,-122.180091666667
619,47.6970066666667,-122.180053333333
620,47.6972733333333,-122.179993333333
621,47.6975483333333,-122.179955
622,47.6978183333333,-122.179901666667
623,47.698085,-122.179863333333
624,47.6983566666667,-122.179801666667
625,47.6986233333333,-122.179748333333
626,47.698895,-122.17971
627,47.6991583333333,-122.179656666667
628,47.699425,-122.179603333333
629,47.699695,-122.179543333333
630,47.6999666666667,-122.179488333333
631,47.7002333333333,-122.179435
632,47.7005,-122.179366666667
633,47.7007683333333,-122.179313333333
634,47.701035,-122.17926
635,47.7012983333333,-122.179215
636,47.701565,-122.179191666667
637,47.7018283333333,-122.179161666667
638,47.7020916666667,-122.179145
639,47.70235,-122.179138333333
640,47.7026133333333,-122.179138333333
641,47.7028733333333,-122.179138333333
642,47.7031283333333,-122.179161666667
643,47.7033883333333,-122.179176666667
644,47.7036433333333,-122.179215
645,47.7039,-122.17926
646,47.704155,-122.179298333333
647,47.7044066666667,-122.179351666667
648,47.7046666666667,-122.17942
649,47.7049183333333,-122.179488333333
650,47.70517,-122.179573333333
651,47.7054216666667,-122.179656666667
652,47.70567,-122.179763333333
653,47.70591,-122.17987
654,47.7061533333333,-122.179993333333
655,47.706395,-122.180121666667
656,47.706635,-122.180266666667
657,47.7068783333333,-122.180405
658,47.7071233333333,-122.180541666667
659,47.7073666666667,-122.180695
660,47.707615,-122.180831666667
661,47.7078633333333,-122.180976666667
662,47.7081066666667,-122.181115
663,47.708355,-122.181251666667
664,47.7086066666667,-122.181403333333
665,47.708855,-122.181541666667
666,47.7091033333333,-122.181678333333
667,47.709355,-122.181816666667
668,47.7096016666667,-122.181961666667
669,47.70985,-122.182098333333
670,47.7101016666667,-122.182235
671,47.7103416666667,-122.182373333333
672,47.71059,-122.18251
673,47.7108383333333,-122.182648333333
674,47.71109,-122.1828
675,47.711345,-122.18293
676,47.7115966666667,-122.183066666667
677,47.71185,-122.18322
678,47.712105,-122.183371666667
679,47.71236,-122.18351
680,47.7126166666667,-122.183655
681,47.7128683333333,-122.183806666667
682,47.71312,-122.183945
683,47.7133716666667,-122.184096666667
684,47.7136266666667,-122.184241666667
685,47.713875,-122.184395
686,47.7141266666667,-122.184531666667
687,47.7143783333333,-122.184685
688,47.7146266666667,-122.18483
689,47.714875,-122.184981666667
690,47.71513,-122.18512
691,47.7153783333333,-122.185256666667
692,47.7156216666667,-122.18541
693,47.71587,-122.185555
694,47.7161183333333,-122.185691666667
695,47.7163616666667,-122.185845
696,47.7166016666667,-122.185981666667
697,47.7168433333333,-122.186126666667
698,47.7170833333333,-122.186263333333
699,47.717315,-122.186401666667
700,47.7175483333333,-122.186538333333
701,47.7177816666667,-122.186676666667
702,47.7180133333333,-122.186813333333
703,47.7182433333333,-122.186935
704,47.7184716666667,-122.187073333333
705,47.7187,-122.18721
706,47.7189366666667,-122.187331666667
707,47.7191733333333,-122.18747
708,47.7194066666667,-122.187591666667
709,47.7196433333333,-122.187713333333
710,47.7198783333333,-122.18782
711,47.720115,-122.18792
712,47.720345,-122.188026666667
713,47.7205766666667,-122.188141666667
714,47.7208066666667,-122.188231666667
715,47.7210466666667,-122.188331666667
716,47.7212866666667,-122.188423333333
717,47.7215266666667,-122.188506666667
718,47.721775,-122.188598333333
719,47.7220233333333,-122.188683333333
720,47.7222783333333,-122.188751666667
721,47.7225416666667,-122.18882
722,47.722805,-122.188888333333
723,47.7230716666667,-122.188926666667
724,47.723335,-122.188988333333
725,47.7236066666667,-122.189026666667
726,47.72387,-122.189056666667
727,47.7241366666667,-122.18908
728,47.7244066666667,-122.18911
729,47.724675,-122.189133333333
730,47.7249416666667,-122.189148333333
731,47.725205,-122.189148333333
732,47.7254683333333,-122.189163333333
733,47.7257316666667,-122.189163333333
734,47.7259933333333,-122.189148333333
735,47.7262566666667,-122.189148333333
736,47.726525,-122.189133333333
737,47.7267916666667,-122.18911
738,47.727055,-122.18908
739,47.7273216666667,-122.189056666667
740,47.727585,-122.18901
741,47.7278483333333,-122.188971666667
742,47.728115,-122.188926666667
743,47.7283783333333,-122.188888333333
744,47.728645,-122.18885
745,47.7289083333333,-122.188796666667
746,47.729175,-122.188751666667
747,47.7294383333333,-122.188698333333
748,47.7297016666667,-122.18866
749,47.729965,-122.188598333333
750,47.730225,-122.18856
751,47.7304916666667,-122.188521666667
752,47.7307583333333,-122.188468333333
753,47.731025,-122.188423333333
754,47.7312933333333,-122.18837
755,47.73156,-122.188331666667
756,47.7318266666667,-122.188285
757,47.7320983333333,-122.188248333333
758,47.7323716666667,-122.188195
759,47.73264,-122.188148333333
760,47.7329133333333,-122.18811
761,47.7331883333333,-122.188071666667
762,47.733455,-122.188026666667
763,47.73373,-122.187973333333
764,47.734005,-122.187935
765,47.734275,-122.187888333333
766,47.73455,-122.187851666667
767,47.734825,-122.187798333333
768,47.7351,-122.187751666667
769,47.7353783333333,-122.187713333333
770,47.7356533333333,-122.187675
771,47.7359316666667,-122.187621666667
772,47.73621,-122.187576666667
773,47.7364883333333,-122.187538333333
774,47.73677,-122.187491666667
775,47.7370533333333,-122.187438333333
776,47.737335,-122.1874
777,47.7376216666667,-122.187363333333
778,47.7379033333333,-122.187301666667
779,47.73819,-122.187263333333
780,47.738475,-122.187225
781,47.7387583333333,-122.18718
782,47.73904,-122.187126666667
783,47.7393233333333,-122.187088333333
784,47.7395966666667,-122.187056666667
785,47.739875,-122.18702
786,47.740155,-122.186988333333
787,47.7404333333333,-122.186973333333
788,47.7407116666667,-122.18695
789,47.7409866666667,-122.186935
790,47.7412533333333,-122.186935
791,47.74152,-122.18692
792,47.7417833333333,-122.18692
793,47.7420466666667,-122.18692
794,47.742305,-122.18692
795,47.7425733333333,-122.18692
796,47.7428366666667,-122.18692
797,47.7431033333333,-122.18692
798,47.7433783333333,-122.186935
799,47.743645,-122.186935
800,47.7439116666667,-122.186935
801,47.7441783333333,-122.186935
802,47.7444416666667,-122.18695
803,47.744705,-122.18695
804,47.7449716666667,-122.18695
805,47.74524,-122.18695
806,47.7455066666667,-122.186966666667
807,47.7457733333333,-122.186966666667
808,47.7460366666667,-122.186966666667
809,47.7463066666667,-122.186966666667
810,47.7465783333333,-122.186966666667
811,47.7468533333333,-122.186966666667
812,47.74712,-122.186966666667
813,47.74739,-122.186966666667
814,47.747665,-122.186966666667
815,47.7479316666667,-122.186966666667
816,47.7482033333333,-122.186966666667
817,47.74847,-122.186966666667
818,47.7487416666667,-122.186966666667
819,47.7490083333333,-122.186966666667
820,47.7492783333333,-122.186966666667
821,47.74955,-122.18695
822,47.74982,-122.186935
823,47.7500883333333,-122.18692
824,47.7503583333333,-122.186905
825,47.75063,-122.186881666667
826,47.7508966666667,-122.186843333333
827,47.7511666666667,-122.186813333333
828,47.7514383333333,-122.18676
829,47.751705,-122.186715
830,47.7519716666667,-122.18666
831,47.75224,-122.186606666667
832,47.7525016666667,-122.186538333333
833,47.752765,-122.18647
834,47.7530283333333,-122.186401666667
835,47.7532916666667,-122.186316666667
836,47.753555,-122.186241666667
837,47.753815,-122.186156666667
838,47.7540733333333,-122.186073333333
839,47.7543366666667,-122.185981666667
840,47.7545933333333,-122.185883333333
841,47.7548566666667,-122.185791666667
842,47.7551116666667,-122.185691666667
843,47.7553666666667,-122.185585
844,47.7556233333333,-122.185463333333
845,47.755875,-122.185325
846,47.7561183333333,-122.185188333333
847,47.75637,-122.185066666667
848,47.756615,-122.184928333333
849,47.7568583333333,-122.184791666667
850,47.7571033333333,-122.184655
851,47.7573466666667,-122.184516666667
852,47.7575916666667,-122.184395
853,47.75784,-122.184273333333
854,47.7580833333333,-122.184166666667
855,47.7583266666667,-122.184051666667
856,47.75858,-122.183975
857,47.7588266666667,-122.183915
858,47.7590783333333,-122.183876666667
859,47.75933,-122.183845
860,47.7595866666667,-122.183838333333
861,47.7598416666667,-122.183838333333
862,47.7600983333333,-122.18386
863,47.7603533333333,-122.183906666667
864,47.7606116666667,-122.183975
865,47.760865,-122.184066666667
866,47.76112,-122.184166666667
867,47.7613716666667,-122.184288333333
868,47.76162,-122.184425
869,47.7618683333333,-122.184585
870,47.762115,-122.184761666667
871,47.7623633333333,-122.184951666667
872,47.7626116666667,-122.185143333333
873,47.76286,-122.185325
874,47.7631066666667,-122.185516666667
875,47.7633516666667,-122.185706666667
876,47.7636033333333,-122.185883333333
877,47.7638516666667,-122.186073333333
878,47.7641033333333,-122.186256666667
879,47.7643583333333,-122.186446666667
880,47.7646066666667,-122.186638333333
881,47.7648583333333,-122.186813333333
882,47.76511,-122.187003333333
883,47.7653616666667,-122.187195
884,47.76561,-122.18737
885,47.7658583333333,-122.187561666667
886,47.7661133333333,-122.187743333333
887,47.7663616666667,-122.187935
888,47.7666133333333,-122.188125
889,47.766865,-122.188301666667
890,47.7671083333333,-122.188491666667
891,47.76736,-122.188666666667
892,47.7676166666667,-122.18885
893,47.76788,-122.188995
894,47.7681433333333,-122.189133333333
895,47.7684133333333,-122.189246666667
896,47.7686883333333,-122.189338333333
897,47.7689583333333,-122.189423333333
898,47.7692416666667,-122.189476666667
899,47.76952,-122.189545
900,47.7698066666667,-122.189598333333
901,47.7700916666667,-122.189651666667
902,47.77037,-122.18972
903,47.7706483333333,-122.189773333333
904,47.77092,-122.189835
905,47.7711866666667,-122.189888333333
906,47.7714616666667,-122.189941666667
907,47.7717283333333,-122.189995
908,47.7720066666667,-122.190063333333
909,47.7722816666667,-122.190116666667
910,47.77256,-122.19017
911,47.772835,-122.190231666667
912,47.77311,-122.190285
913,47.7733833333333,-122.190353333333
914,47.7736516666667,-122.190406666667
915,47.7739183333333,-122.19046
916,47.7741883333333,-122.190513333333
917,47.7744566666667,-122.190566666667
918,47.7747233333333,-122.19062
919,47.77499,-122.190681666667
920,47.7752566666667,-122.19075
921,47.77552,-122.190818333333
922,47.7757833333333,-122.190895
923,47.7760383333333,-122.190995
924,47.776295,-122.191101666667
925,47.7765466666667,-122.191208333333
926,47.7767983333333,-122.191338333333
927,47.7770466666667,-122.19146
928,47.7772983333333,-122.191581666667
929,47.7775466666667,-122.191688333333
930,47.77779,-122.19181
931,47.7780416666667,-122.191933333333
932,47.77829,-122.192055
933,47.7785416666667,-122.192185
934,47.778785,-122.192306666667
935,47.7790333333333,-122.192413333333
936,47.779285,-122.192535
937,47.7795333333333,-122.192656666667
938,47.7797816666667,-122.19278
939,47.7800333333333,-122.192901666667
940,47.7802816666667,-122.193016666667
941,47.7805283333333,-122.193138333333
942,47.780785,-122.19326
943,47.7810366666667,-122.193381666667
944,47.7812883333333,-122.193505
945,47.78154,-122.193618333333
946,47.7817833333333,-122.193741666667
947,47.7820283333333,-122.193863333333
948,47.78228,-122.193985
949,47.7825233333333,-122.194091666667
950,47.7827683333333,-122.194213333333
951,47.7830116666667,-122.194328333333
952,47.7832566666667,-122.19445
953,47.7834966666667,-122.194571666667
954,47.7837416666667,-122.194695
955,47.7839783333333,-122.194831666667
956,47.7842133333333,-122.194985
957,47.7844466666667,-122.195145
958,47.784675,-122.19532
959,47.7848966666667,-122.195511666667
960,47.7851216666667,-122.19571
961,47.785335,-122.195923333333
962,47.785545,-122.19616
963,47.7857483333333,-122.196388333333
964,47.78595,-122.196631666667
965,47.7861483333333,-122.196891666667
966,47.7863383333333,-122.197166666667
967,47.7865216666667,-122.197456666667
968,47.7866933333333,-122.197738333333
969,47.7868616666667,-122.198043333333
970,47.787025,-122.198356666667
971,47.787185,-122.19867
972,47.7873416666667,-122.198981666667
973,47.7875066666667,-122.199295
974,47.7876666666667,-122.199615
975,47.7878233333333,-122.199943333333
976,47.7879833333333,-122.200256666667
977,47.7881433333333,-122.200568333333
978,47.7883033333333,-122.200881666667
979,47.7884666666667,-122.20121
980,47.788635,-122.201523333333
981,47.7888066666667,-122.201851666667
982,47.788975,-122.202163333333
983,47.78915,-122.202491666667
984,47.7893183333333,-122.20282
985,47.7894866666667,-122.203148333333
986,47.78965,-122.203476666667
987,47.7898133333333,-122.203803333333
988,47.7899783333333,-122.204131666667
989,47.7901416666667,-122.204445
990,47.7903016666667,-122.204773333333
991,47.7904666666667,-122.205101666667
992,47.7906266666667,-122.205428333333
993,47.7907866666667,-122.20575
994,47.7909433333333,-122.206078333333
995,47.7911,-122.20639
996,47.7912566666667,-122.206718333333
997,47.7914166666667,-122.207031666667
998,47.7915733333333,-122.207343333333
999,47.7917333333333,-122.207656666667
1000,47.7918933333333,-122.20797
1001,47.7920533333333,-122.20829
1002,47.7922133333333,-122.208588333333
1003,47.7923766666667,-122.2089
1004,47.7925416666667,-122.209213333333
1005,47.7926983333333,-122.209541666667
1006,47.7928583333333,-122.209853333333
1007,47.7930183333333,-122.210175
1008,47.7931783333333,-122.210503333333
1009,47.7933433333333,-122.210815
1010,47.7935066666667,-122.211143333333
1011,47.7936633333333,-122.211456666667
1012,47.7938233333333,-122.211768333333
1013,47.7939833333333,-122.212096666667
1014,47.7941366666667,-122.21241
1015,47.7942916666667,-122.212723333333
1016,47.7944533333333,-122.213043333333
1017,47.7946133333333,-122.213356666667
1018,47.7947733333333,-122.213668333333
1019,47.794925,-122.213981666667
1020,47.795075,-122.214271666667
1021,47.795235,-122.214568333333
1022,47.795395,-122.214881666667
1023,47.795555,-122.215201666667
1024,47.7957116666667,-122.215515
1025,47.7958683333333,-122.215813333333
1026,47.7960283333333,-122.216125
1027,47.796185,-122.216446666667
1028,47.7963416666667,-122.216758333333
1029,47.796505,-122.217071666667
1030,47.796665,-122.217385
1031,47.796825,-122.217696666667
1032,47.796985,-122.21801
1033,47.7971416666667,-122.21833
1034,47.7973016666667,-122.218643333333
1035,47.7974583333333,-122.218956666667
1036,47.797615,-122.219253333333
1037,47.7977716666667,-122.219573333333
1038,47.7979283333333,-122.219871666667
1039,47.798085,-122.220185
1040,47.7982366666667,-122.220481666667
1041,47.7983966666667,-122.220801666667
1042,47.7985566666667,-122.2211
1043,47.7987216666667,-122.22139
1044,47.7988933333333,-122.221671666667
1045,47.7990766666667,-122.221961666667
1046,47.79926,-122.222236666667
1047,47.79945,-122.222503333333
1048,47.7996516666667,-122.22277
1049,47.7998583333333,-122.223015
1050,47.8000633333333,-122.223258333333
1051,47.800285,-122.223488333333
1052,47.800515,-122.223693333333
1053,47.8007433333333,-122.223915
1054,47.8009716666667,-122.224106666667
1055,47.8012116666667,-122.224296666667
1056,47.8014533333333,-122.224471666667
1057,47.8016966666667,-122.22464
1058,47.801945,-122.224785
1059,47.8021966666667,-122.224921666667
1060,47.8024516666667,-122.22506
1061,47.8027033333333,-122.225196666667
1062,47.80296,-122.225335
1063,47.8032066666667,-122.225456666667
1064,47.803455,-122.225578333333
1065,47.8037033333333,-122.225715
1066,47.8039433333333,-122.225838333333
1067,47.8041883333333,-122.22596
1068,47.8044316666667,-122.226096666667
1069,47.8046716666667,-122.22622
1070,47.8049166666667,-122.226348333333
1071,47.8051533333333,-122.226471666667
1072,47.8053966666667,-122.226593333333
1073,47.8056366666667,-122.226715
1074,47.8058816666667,-122.226836666667
1075,47.8061216666667,-122.22696
1076,47.8063616666667,-122.227081666667
1077,47.8066016666667,-122.227203333333
1078,47.8068383333333,-122.227333333333
1079,47.8070716666667,-122.227455
1080,47.8073083333333,-122.227576666667
1081,47.807545,-122.2277
1082,47.8077816666667,-122.227821666667
1083,47.8080133333333,-122.227943333333
1084,47.8082466666667,-122.228065
1085,47.80848,-122.22818
1086,47.8087116666667,-122.228301666667
1087,47.8089416666667,-122.228423333333
1088,47.80917,-122.228546666667
1089,47.8093983333333,-122.228653333333
1090,47.8096283333333,-122.228775
1091,47.80986,-122.228896666667
1092,47.8100933333333,-122.229026666667
1093,47.810325,-122.229133333333
1094,47.8105583333333,-122.229255
1095,47.810795,-122.229378333333
1096,47.811035,-122.2295
1097,47.8112716666667,-122.229621666667
1098,47.8115083333333,-122.229743333333
1099,47.8117483333333,-122.229873333333
1100,47.8119883333333,-122.229995
1101,47.812225,-122.230118333333
1102,47.8124616666667,-122.230255
1103,47.8126983333333,-122.230376666667
1104,47.8129266666667,-122.230515
1105,47.8131566666667,-122.23066
1106,47.8133733333333,-122.230826666667
1107,47.8135916666667,-122.231003333333
1108,47.813805,-122.231193333333
1109,47.81401,-122.2314
1110,47.8142083333333,-122.231636666667
1111,47.8144033333333,-122.231865
1112,47.81459,-122.232125
1113,47.8147666666667,-122.232383333333
1114,47.8149333333333,-122.232658333333
1115,47.8150933333333,-122.23294
1116,47.8152466666667,-122.233246666667
1117,47.8153883333333,-122.233543333333
1118,47.8155216666667,-122.233856666667
1119,47.8156516666667,-122.234176666667
1120,47.81578,-122.234505
1121,47.81591,-122.234818333333
1122,47.81604,-122.235145
1123,47.81617,-122.235458333333
1124,47.8163,-122.235771666667
1125,47.816425,-122.236083333333
1126,47.816555,-122.236411666667
1127,47.816685,-122.236725
1128,47.8168216666667,-122.237045
1129,47.8169633333333,-122.237343333333
1130,47.8171116666667,-122.23764
1131,47.817265,-122.23793
1132,47.817425,-122.238205
1133,47.8175883333333,-122.23848
1134,47.81776,-122.238746666667
1135,47.8179316666667,-122.238998333333
1136,47.8181083333333,-122.239258333333
1137,47.8182833333333,-122.239501666667
1138,47.8184583333333,-122.239731666667
1139,47.8186383333333,-122.239983333333
1140,47.81881,-122.240226666667
1141,47.8189883333333,-122.240455
1142,47.819165,-122.2407
1143,47.8193366666667,-122.240951666667
1144,47.8195083333333,-122.24118
1145,47.8196833333333,-122.241416666667
1146,47.8198466666667,-122.241645
1147,47.820015,-122.24189
1148,47.820175,-122.242126666667
1149,47.820335,-122.24237
1150,47.820495,-122.242615
1151,47.8206483333333,-122.242873333333
1152,47.8207966666667,-122.243133333333
1153,47.820945,-122.243408333333
1154,47.8210866666667,-122.243698333333
1155,47.821225,-122.24398
1156,47.8213583333333,-122.244285
1157,47.8214866666667,-122.244583333333
1158,47.82161,-122.244896666667
1159,47.8217283333333,-122.245223333333
1160,47.8218416666667,-122.245551666667
1161,47.8219533333333,-122.24588
1162,47.8220633333333,-122.246208333333
1163,47.8221783333333,-122.246536666667
1164,47.8222916666667,-122.24688
1165,47.8224033333333,-122.247215
1166,47.8225166666667,-122.247558333333
1167,47.8226316666667,-122.247886666667
1168,47.8227466666667,-122.24823
1169,47.8228566666667,-122.248573333333
1170,47.8229716666667,-122.248916666667
1171,47.823085,-122.249251666667
1172,47.8232,-122.249611666667
1173,47.823315,-122.249955
1174,47.8234366666667,-122.25029
1175,47.8235666666667,-122.250633333333
1176,47.8237033333333,-122.250961666667
1177,47.8238533333333,-122.251273333333
1178,47.8240083333333,-122.251586666667
1179,47.8241683333333,-122.251891666667
1180,47.8243366666667,-122.252175
1181,47.8245116666667,-122.252465
1182,47.824695,-122.252738333333
1183,47.8248833333333,-122.252998333333
1184,47.8250816666667,-122.253241666667
1185,47.82528,-122.253478333333
1186,47.8254883333333,-122.253693333333
1187,47.8256983333333,-122.253913333333
1188,47.8259116666667,-122.25412
1189,47.8261333333333,-122.254326666667
1190,47.8263466666667,-122.254525
1191,47.826565,-122.25473
1192,47.8267816666667,-122.254921666667
1193,47.8269916666667,-122.255126666667
1194,47.827205,-122.255333333333
1195,47.8274116666667,-122.255523333333
1196,47.8276183333333,-122.25573
1197,47.8278233333333,-122.255951666667
1198,47.828025,-122.256165
1199,47.82822,-122.256401666667
1200,47.8284116666667,-122.256645
1201,47.8285983333333,-122.256905
1202,47.8287816666667,-122.257163333333
1203,47.8289566666667,-122.257438333333
1204,47.8291316666667,-122.257713333333
1205,47.8293,-122.25798
1206,47.8294683333333,-122.25827
1207,47.82964,-122.258545
1208,47.8298033333333,-122.25882
1209,47.8299666666667,-122.259086666667
1210,47.8301283333333,-122.259346666667
1211,47.8302883333333,-122.25962
1212,47.8304483333333,-122.25988
1213,47.8306083333333,-122.260155
1214,47.8307683333333,-122.260413333333
1215,47.830925,-122.260688333333
1216,47.8310783333333,-122.260948333333
1217,47.8312266666667,-122.261191666667
1218,47.831375,-122.261436666667
1219,47.83152,-122.261688333333
1220,47.8316616666667,-122.261916666667
1221,47.8318016666667,-122.262146666667
1222,47.8319366666667,-122.262366666667
1223,47.8320733333333,-122.262588333333
1224,47.8322033333333,-122.262795
1225,47.8323366666667,-122.263
1226,47.8324666666667,-122.263191666667
1227,47.832595,-122.263381666667
1228,47.832725,-122.263573333333
1229,47.8328516666667,-122.263748333333
1230,47.8329733333333,-122.263923333333
1231,47.8330916666667,-122.264106666667
1232,47.8332066666667,-122.264266666667
1233,47.83332,-122.26442
1234,47.8334466666667,-122.264556666667
1235,47.8335833333333,-122.264633333333
1236,47.8337333333333,-122.264678333333
1237,47.8338733333333,-122.264663333333
1238,47.8340116666667,-122.264595
1239,47.8341333333333,-122.264496666667
1240,47.8342366666667,-122.264366666667
1241,47.8343166666667,-122.264183333333
1242,47.8343616666667,-122.264008333333
1243,47.8343883333333,-122.263801666667
1244,47.8343816666667,-122.263611666667
1245,47.8343433333333,-122.263405
1246,47.8342816666667,-122.263245
1247,47.834195,-122.263076666667
1248,47.8340916666667,-122.262955
1249,47.833965,-122.262863333333
1250,47.8338283333333,-122.262801666667
1251,47.8336833333333,-122.26278
1252,47.8335383333333,-122.262763333333
1253,47.8333816666667,-122.262748333333
1254,47.833225,-122.262748333333
1255,47.833065,-122.262763333333
1256,47.832905,-122.26278
1257,47.8327483333333,-122.262801666667
1258,47.8325916666667,-122.262848333333
1259,47.832435,-122.262886666667
1260,47.8322833333333,-122.26294
1261,47.8321266666667,-122.262985
1262,47.8319783333333,-122.263061666667
1263,47.8318283333333,-122.263145
1264,47.83168,-122.263245
1265,47.8315233333333,-122.263336666667
1266,47.8313783333333,-122.26345
1267,47.83123,-122.263556666667
1268,47.831085,-122.26368
1269,47.8309366666667,-122.263786666667
1270,47.830795,-122.2639
1271,47.83065,-122.264008333333
1272,47.83051,-122.26413
1273,47.830365,-122.264236666667
1274,47.830215,-122.264366666667
1275,47.83007,-122.264488333333
1276,47.829925,-122.26461
1277,47.82978,-122.264731666667
1278,47.8296283333333,-122.264855
1279,47.82948,-122.264991666667
1280,47.82933,-122.265128333333
1281,47.829185,-122.265266666667
1282,47.829045,-122.265411666667
1283,47.828915,-122.265548333333
1284,47.828785,-122.265701666667
1285,47.828655,-122.265853333333
1286,47.828525,-122.266013333333
1287,47.8284,-122.266181666667
1288,47.82827,-122.266356666667
1289,47.82814,-122.266533333333
1290,47.8280033333333,-122.266723333333
1291,47.82787,-122.26693
1292,47.8277316666667,-122.267135
1293,47.8275916666667,-122.267356666667
1294,47.82745,-122.26757
1295,47.8273116666667,-122.267806666667
1296,47.827175,-122.268036666667
1297,47.8270416666667,-122.26828
1298,47.8269083333333,-122.268531666667
1299,47.82677,-122.268776666667
1300,47.8266416666667,-122.26902
1301,47.82653,-122.269188333333
1302,47.82642,-122.269378333333
1303,47.8262866666667,-122.269638333333
1304,47.826145,-122.269896666667
1305,47.8260083333333,-122.270171666667
1306,47.8258666666667,-122.270431666667
1307,47.825725,-122.270698333333
1308,47.825585,-122.270958333333
1309,47.8254466666667,-122.271233333333
1310,47.8253066666667,-122.271491666667
1311,47.8251683333333,-122.271751666667
1312,47.8250316666667,-122.27201
1313,47.8249016666667,-122.272255
1314,47.8247716666667,-122.272506666667
1315,47.8246466666667,-122.272751666667
1316,47.8245233333333,-122.27298
1317,47.8244016666667,-122.273216666667
1318,47.8242833333333,-122.27346
1319,47.8241683333333,-122.27369
1320,47.8240516666667,-122.273941666667
1321,47.8239433333333,-122.274185
1322,47.82383,-122.274413333333
1323,47.8237233333333,-122.274665
1324,47.8236083333333,-122.27491
1325,47.8234983333333,-122.275153333333
1326,47.8233866666667,-122.275383333333
1327,47.8232766666667,-122.275635
1328,47.82317,-122.275848333333
1329,47.8230633333333,-122.276085
1330,47.8229566666667,-122.276313333333
1331,47.82285,-122.27655
1332,47.82275,-122.27678
1333,47.8226433333333,-122.277023333333
1334,47.8225366666667,-122.27726
1335,47.8224266666667,-122.277488333333
1336,47.8223183333333,-122.277725
1337,47.8222083333333,-122.277953333333
1338,47.8221016666667,-122.278175
1339,47.8220066666667,-122.278388333333
1340,47.8219066666667,-122.278595
1341,47.8218083333333,-122.278785
1342,47.8217116666667,-122.278968333333
1343,47.8216216666667,-122.279145
1344,47.8215366666667,-122.27932
1345,47.8214533333333,-122.279471666667
1346,47.8213766666667,-122.279633333333
1347,47.8213,-122.279785
1348,47.821235,-122.279953333333
1349,47.8211816666667,-122.280113333333
1350,47.82114,-122.280265
1351,47.82111,-122.280403333333
1352,47.8210866666667,-122.280533333333
1353,47.8210633333333,-122.280663333333
1354,47.8210416666667,-122.28077
1355,47.8210266666667,-122.280861666667
1356,47.8210216666667,-122.280945
1357,47.8210216666667,-122.281043333333
1358,47.8210216666667,-122.28112
1359,47.8210183333333,-122.281205
1360,47.8210216666667,-122.281258333333
1361,47.8210216666667,-122.281303333333
1362,47.8210216666667,-122.281356666667
1363,47.821015,-122.28141
1364,47.8210066666667,-122.281463333333
1365,47.8209983333333,-122.281531666667
1366,47.8209983333333,-122.281578333333
1367,47.8209983333333,-122.281585
1368,47.8210033333333,-122.281585
1369,47.8210033333333,-122.281585
1370,47.8210066666667,-122.281585
1371,47.8210066666667,-122.281585
1372,47.82101,-122.281578333333
1373,47.82101,-122.281578333333
1374,47.82101,-122.281578333333
1375,47.821015,-122.281578333333
1376,47.821015,-122.281578333333
1377,47.821015,-122.281578333333
1378,47.821015,-122.281578333333
1379,47.821015,-122.281563333333
1380,47.821015,-122.281563333333
1381,47.8210183333333,-122.281563333333
1382,47.8210183333333,-122.281578333333
1383,47.8210183333333,-122.281578333333
1384,47.8210183333333,-122.281578333333
1385,47.8210183333333,-122.281578333333
1386,47.8210183333333,-122.281578333333
1387,47.8210183333333,-122.281578333333
1388,47.8210183333333,-122.281578333333
1389,47.8210183333333,-122.281578333333
1390,47.8210216666667,-122.281578333333
1391,47.8210216666667,-122.281578333333
1392,47.8210216666667,-122.281578333333
1393,47.8210216666667,-122.281578333333
1394,47.8210216666667,-122.281578333333
1395,47.8210216666667,-122.281585
1396,47.8210216666667,-122.281616666667
1397,47.8210183333333,-122.281655
1398,47.8210183333333,-122.281723333333
1399,47.8210183333333,-122.281806666667
1400,47.821015,-122.281906666667
1401,47.821015,-122.281998333333
1402,47.821015,-122.282105
1403,47.82101,-122.282218333333
1404,47.82101,-122.282341666667
1405,47.82101,-122.282463333333
1406,47.82101,-122.2826
1407,47.82101,-122.282753333333
1408,47.82101,-122.282898333333
1409,47.82101,-122.28305
1410,47.82101,-122.28321
1411,47.82101,-122.283378333333
1412,47.82101,-122.283538333333
1413,47.821015,-122.283706666667
1414,47.821015,-122.283866666667
1415,47.8210183333333,-122.284035
1416,47.8210216666667,-122.28421
1417,47.8210216666667,-122.284385
1418,47.8210216666667,-122.284576666667
1419,47.8210216666667,-122.284781666667
1420,47.8210266666667,-122.284973333333
1421,47.8210266666667,-122.285178333333
1422,47.82103,-122.28537
1423,47.8210333333333,-122.28556
1424,47.8210366666667,-122.285743333333
1425,47.8210366666667,-122.285903333333
1426,47.8210416666667,-122.286056666667
1427,47.8210416666667,-122.286208333333
1428,47.821045,-122.286331666667
1429,47.821045,-122.286423333333
1430,47.8210483333333,-122.286506666667
1431,47.8210483333333,-122.28656
1432,47.8210483333333,-122.28659
1433,47.8210533333333,-122.286613333333
1434,47.8210533333333,-122.286613333333
1435,47.8210533333333,-122.286613333333
1436,47.8210533333333,-122.286613333333
1437,47.8210533333333,-122.286613333333
1438,47.8210566666667,-122.286613333333
1439,47.8210566666667,-122.286613333333
1440,47.8210566666667,-122.286613333333
1441,47.82106,-122.286613333333
1442,47.82106,-122.286613333333
1443,47.82106,-122.286613333333
1444,47.82106,-122.286613333333
1445,47.8210566666667,-122.286613333333
1446,47.8210533333333,-122.286613333333
1447,47.8210533333333,-122.286613333333
1448,47.8210533333333,-122.286613333333
1449,47.8210483333333,-122.286598333333
1450,47.8210483333333,-122.286598333333
1451,47.821045,-122.286598333333
1452,47.821045,-122.286598333333
1453,47.8210416666667,-122.286598333333
1454,47.8210416666667,-122.286598333333
1455,47.8210366666667,-122.286598333333
1456,47.8210366666667,-122.286598333333
1457,47.8210333333333,-122.286598333333
1458,47.8210333333333,-122.286598333333
1459,47.8210333333333,-122.286598333333
1460,47.82103,-122.286598333333
1461,47.82103,-122.286598333333
1462,47.82103,-122.286598333333
1463,47.8210266666667,-122.286598333333
1464,47.8210266666667,-122.286598333333
1465,47.8210266666667,-122.286598333333
1466,47.8210216666667,-122.286613333333
1467,47.8210216666667,-122.286643333333
1468,47.8210216666667,-122.286713333333
1469,47.8210216666667,-122.286796666667
1470,47.8210216666667,-122.286903333333
1471,47.8210216666667,-122.28701
1472,47.8210216666667,-122.287131666667
1473,47.8210266666667,-122.287285
1474,47.82103,-122.28746
1475,47.8210333333333,-122.287643333333
1476,47.8210366666667,-122.287835
1477,47.8210333333333,-122.288025
1478,47.82103,-122.2882
1479,47.8210266666667,-122.288376666667
1480,47.8210266666667,-122.288566666667
1481,47.82103,-122.28875
1482,47.82103,-122.288925
1483,47.8210333333333,-122.2891
1484,47.8210366666667,-122.289276666667
1485,47.8210416666667,-122.28946
1486,47.821045,-122.28965
1487,47.8210483333333,-122.289825
1488,47.8210483333333,-122.290016666667
1489,47.8210533333333,-122.290191666667
1490,47.8210533333333,-122.290381666667
1491,47.8210533333333,-122.290565
1492,47.8210533333333,-122.290756666667
1493,47.8210533333333,-122.290931666667
1494,47.8210483333333,-122.291121666667
1495,47.8210483333333,-122.291313333333
1496,47.821045,-122.291518333333
1497,47.821045,-122.29171
1498,47.821045,-122.291916666667
1499,47.8210483333333,-122.292106666667
1500,47.8210483333333,-122.292313333333
1501,47.8210483333333,-122.292518333333
1502,47.8210533333333,-122.292725
1503,47.8210533333333,-122.292938333333
1504,47.8210533333333,-122.29316
1505,47.8210566666667,-122.293388333333
1506,47.8210633333333,-122.293625
1507,47.8210716666667,-122.293838333333
1508,47.821075,-122.294075
1509,47.8210833333333,-122.294296666667
1510,47.8210866666667,-122.29451
1511,47.82109,-122.294731666667
1512,47.8210983333333,-122.294945
1513,47.8211066666667,-122.29515
1514,47.82111,-122.295356666667
1515,47.8211166666667,-122.295563333333
1516,47.8211166666667,-122.295768333333
1517,47.8211216666667,-122.295975
1518,47.821125,-122.296165
1519,47.8211333333333,-122.296371666667
1520,47.8211366666667,-122.296561666667
1521,47.82114,-122.296738333333
1522,47.82114,-122.296928333333
1523,47.8211433333333,-122.297118333333
1524,47.8211433333333,-122.297295
1525,47.8211483333333,-122.2975
1526,47.8211483333333,-122.297706666667
1527,47.8211516666667,-122.297913333333
1528,47.8211516666667,-122.298133333333
1529,47.8211516666667,-122.29834
1530,47.821155,-122.298538333333
1531,47.82116,-122.298728333333
1532,47.8211633333333,-122.298935
1533,47.8211633333333,-122.299141666667
1534,47.8211666666667,-122.299346666667
1535,47.82117,-122.299553333333
1536,47.821175,-122.299775
1537,47.8211783333333,-122.299988333333
1538,47.8211816666667,-122.300225
1539,47.8211816666667,-122.300468333333
1540,47.8211866666667,-122.300696666667
1541,47.8211933333333,-122.300933333333
1542,47.8212016666667,-122.301146666667
1543,47.821205,-122.301338333333
1544,47.8212083333333,-122.301506666667
1545,47.8212133333333,-122.301628333333
1546,47.8212166666667,-122.301735
1547,47.8212166666667,-122.301803333333
1548,47.8212166666667,-122.301856666667
1549,47.8212166666667,-122.301888333333
1550,47.82122,-122.301918333333
1551,47.8212166666667,-122.301941666667
1552,47.8212166666667,-122.301971666667
1553,47.8212166666667,-122.302025
1554,47.8212166666667,-122.302093333333
1555,47.8212166666667,-122.302185
1556,47.82122,-122.3023
1557,47.821225,-122.302421666667
1558,47.8212283333333,-122.302573333333
1559,47.8212316666667,-122.302703333333
1560,47.821235,-122.302856666667
1561,47.82124,-122.303008333333
1562,47.82124,-122.303161666667
1563,47.8212433333333,-122.303321666667
1564,47.8212466666667,-122.30349
1565,47.821255,-122.303665
1566,47.8212666666667,-122.303856666667
1567,47.8212816666667,-122.304046666667
1568,47.8213083333333,-122.304236666667
1569,47.821335,-122.304428333333
1570,47.8213583333333,-122.304633333333
1571,47.821385,-122.304855
1572,47.8214116666667,-122.305068333333
1573,47.8214416666667,-122.30529
1574,47.8214683333333,-122.305511666667
1575,47.821495,-122.30574
1576,47.8215183333333,-122.305961666667
1577,47.82154,-122.306175
1578,47.8215633333333,-122.306396666667
1579,47.821575,-122.306625
1580,47.821575,-122.306846666667
1581,47.8215716666667,-122.307068333333
1582,47.8215566666667,-122.307281666667
1583,47.8215333333333,-122.307503333333
1584,47.82151,-122.307708333333
1585,47.8214766666667,-122.307921666667
1586,47.821445,-122.308128333333
1587,47.8214183333333,-122.308318333333
1588,47.8213916666667,-122.308501666667
1589,47.821365,-122.308678333333
1590,47.8213383333333,-122.308853333333
1591,47.821315,-122.309028333333
1592,47.8213,-122.309211666667
1593,47.8212933333333,-122.309386666667
1594,47.8212883333333,-122.309555
1595,47.8212816666667,-122.309715
1596,47.8212816666667,-122.309875
1597,47.8212783333333,-122.310043333333
1598,47.8212733333333,-122.310196666667
1599,47.8212733333333,-122.310333333333
1600,47.82127,-122.310425
1601,47.8212666666667,-122.310493333333
1602,47.8212666666667,-122.310546666667
1603,47.8212616666667,-122.310593333333
1604,47.8212616666667,-122.31063
1605,47.8212616666667,-122.310668333333
1606,47.8212583333333,-122.3107
1607,47.8212583333333,-122.310715
1608,47.8212583333333,-122.310738333333
1609,47.8212583333333,-122.310738333333
1610,47.8212583333333,-122.310753333333
1611,47.821255,-122.310738333333
1612,47.821255,-122.310738333333
1613,47.821255,-122.310738333333
1614,47.821255,-122.310738333333
1615,47.821255,-122.310738333333
1616,47.8212516666667,-122.310738333333
1617,47.8212516666667,-122.310738333333
1618,47.8212516666667,-122.310738333333
1619,47.8212516666667,-122.310738333333
1620,47.8212516666667,-122.310721666667
1621,47.8212516666667,-122.310721666667
1622,47.8212516666667,-122.310721666667
1623,47.8212516666667,-122.310721666667
1624,47.8212516666667,-122.310721666667
1625,47.8212516666667,-122.310721666667
1626,47.8212516666667,-122.310721666667
1627,47.8212516666667,-122.310721666667
1628,47.8212516666667,-122.310721666667
1629,47.8212516666667,-122.310721666667
1630,47.8212516666667,-122.310721666667
1631,47.8212466666667,-122.310721666667
1632,47.8212466666667,-122.310721666667
1633,47.8212466666667,-122.310721666667
1634,47.8212466666667,-122.310715
1635,47.8212466666667,-122.310715
1636,47.8212466666667,-122.310715
1637,47.8212466666667,-122.310715
1638,47.8212466666667,-122.310715
1639,47.8212466666667,-122.310715
1640,47.8212466666667,-122.310715
1641,47.8212466666667,-122.310715
1642,47.8212466666667,-122.310715
1643,47.8212466666667,-122.310715
1644,47.8212466666667,-122.310715
1645,47.8212466666667,-122.310715
1646,47.8212466666667,-122.310715
1647,47.8212466666667,-122.310715
1648,47.8212433333333,-122.310715
1649,47.8212433333333,-122.310715
1650,47.8212433333333,-122.310715
1651,47.8212433333333,-122.310715
1652,47.8212433333333,-122.310715
1653,47.8212433333333,-122.310715
1654,47.8212433333333,-122.310715
1655,47.8212433333333,-122.310715
1656,47.8212433333333,-122.310753333333
1657,47.8212433333333,-122.310806666667
1658,47.8212466666667,-122.31089
1659,47.8212466666667,-122.310996666667
1660,47.8212516666667,-122.311111666667
1661,47.8212516666667,-122.311233333333
1662,47.8212516666667,-122.311378333333
1663,47.8212516666667,-122.311561666667
1664,47.821255,-122.311751666667
1665,47.821255,-122.311928333333
1666,47.821255,-122.312118333333
1667,47.8212583333333,-122.312293333333
1668,47.8212583333333,-122.312476666667
1669,47.8212583333333,-122.312653333333
1670,47.8212583333333,-122.312828333333
1671,47.8212583333333,-122.312996666667
1672,47.821255,-122.313171666667
1673,47.8212516666667,-122.313361666667
1674,47.8212433333333,-122.313538333333
1675,47.82124,-122.313743333333
1676,47.82124,-122.31395
1677,47.82124,-122.31414
1678,47.82124,-122.314331666667
1679,47.82124,-122.314506666667
1680,47.82124,-122.31469
1681,47.82124,-122.31485
1682,47.821225,-122.315001666667
1683,47.8211933333333,-122.315155
1684,47.8211333333333,-122.315261666667
1685,47.8210533333333,-122.315353333333
1686,47.820965,-122.315436666667
1687,47.8208733333333,-122.315521666667
1688,47.8207816666667,-122.315605
1689,47.8206833333333,-122.315681666667
1690,47.82058,-122.31578
1691,47.820465,-122.315886666667
1692,47.820355,-122.316001666667
1693,47.8202316666667,-122.316123333333
1694,47.8201066666667,-122.31623
1695,47.8199766666667,-122.316338333333
1696,47.819855,-122.316451666667
1697,47.8197283333333,-122.316558333333
1698,47.8196066666667,-122.316658333333
1699,47.8194816666667,-122.316765
1700,47.819355,-122.316871666667
1701,47.819225,-122.316993333333
1702,47.819095,-122.317108333333
1703,47.81897,-122.317215
1704,47.818855,-122.317313333333
1705,47.8187416666667,-122.317405
1706,47.8186383333333,-122.317505
1707,47.818535,-122.317581666667
1708,47.8184316666667,-122.31768
1709,47.8183283333333,-122.317765
1710,47.81823,-122.31784
1711,47.8181266666667,-122.31794
1712,47.8180233333333,-122.318023333333
1713,47.817925,-122.318115
1714,47.8178183333333,-122.318215
1715,47.817715,-122.31829
1716,47.8176116666667,-122.318375
1717,47.8175083333333,-122.318473333333
1718,47.817405,-122.31855
1719,47.8173033333333,-122.31865
1720,47.8171966666667,-122.318748333333
1721,47.8170883333333,-122.318825
1722,47.8169866666667,-122.318923333333
1723,47.81688,-122.319015
1724,47.8167683333333,-122.319115
1725,47.8166583333333,-122.319206666667
1726,47.8165433333333,-122.319305
1727,47.816425,-122.319396666667
1728,47.8163116666667,-122.319496666667
1729,47.8161966666667,-122.319603333333
1730,47.8160783333333,-122.319701666667
1731,47.8159566666667,-122.319808333333
1732,47.8158333333333,-122.319915
1733,47.8157083333333,-122.320015
1734,47.8155816666667,-122.320121666667
1735,47.8154566666667,-122.320236666667
1736,47.81533,-122.320343333333
1737,47.8152,-122.320465
1738,47.8150666666667,-122.320571666667
1739,47.8149383333333,-122.320686666667
1740,47.8148033333333,-122.320793333333
1741,47.81467,-122.320915
1742,47.8145366666667,-122.32103
1743,47.8144033333333,-122.321151666667
1744,47.8142733333333,-122.321258333333
1745,47.81414,-122.321365
1746,47.81401,-122.321486666667
1747,47.8138766666667,-122.321601666667
1748,47.8137466666667,-122.321708333333
1749,47.8136183333333,-122.321815
1750,47.8134916666667,-122.321915
1751,47.8133666666667,-122.322006666667
1752,47.8132433333333,-122.322105
1753,47.8131333333333,-122.32219
1754,47.8130233333333,-122.322265
1755,47.8129083333333,-122.32235
1756,47.8128016666667,-122.322433333333
1757,47.8126833333333,-122.322516666667
1758,47.8125683333333,-122.322593333333
1759,47.81245,-122.322678333333
1760,47.8123466666667,-122.322761666667
1761,47.8122483333333,-122.32283
1762,47.8121566666667,-122.322898333333
1763,47.8120766666667,-122.322951666667
1764,47.8119966666667,-122.323005
1765,47.8119233333333,-122.323058333333
1766,47.8118583333333,-122.323111666667
1767,47.8117983333333,-122.323158333333
1768,47.811745,-122.323196666667
1769,47.811695,-122.323241666667
1770,47.8116533333333,-122.323265
1771,47.8116183333333,-122.323295
1772,47.8115883333333,-122.323311666667
1773,47.8115583333333,-122.323333333333
1774,47.811535,-122.323348333333
1775,47.8115116666667,-122.323365
1776,47.8115,-122.323371666667
1777,47.811485,-122.323386666667
1778,47.8114733333333,-122.323386666667
1779,47.81147,-122.323401666667
1780,47.8114616666667,-122.323401666667
1781,47.811455,-122.323418333333
1782,47.8114466666667,-122.323418333333
1783,47.8114433333333,-122.323418333333
1784,47.8114466666667,-122.323418333333
1785,47.8114466666667,-122.323418333333
1786,47.8114466666667,-122.323418333333
1787,47.8114516666667,-122.323418333333
1788,47.8114516666667,-122.323418333333
1789,47.8114516666667,-122.323418333333
1790,47.8114516666667,-122.323418333333
1791,47.8114516666667,-122.323418333333
1792,47.8114516666667,-122.323418333333
1793,47.8114516666667,-122.323418333333
1794,47.8114516666667,-122.323418333333
1795,47.8114516666667,-122.323418333333
1796,47.8114516666667,-122.323418333333
1797,47.81144,-122.323433333333
1798,47.81142,-122.32344
1799,47.81139,-122.323455
1800,47.8113483333333,-122.323501666667
1801,47.8113066666667,-122.323525
1802,47.81126,-122.323555
1803,47.81121,-122.323593333333
1804,47.8111566666667,-122.323638333333
1805,47.8111033333333,-122.323676666667
1806,47.8110433333333,-122.323715
1807,47.8109783333333,-122.323768333333
1808,47.810905,-122.323815
1809,47.8108283333333,-122.323868333333
1810,47.8107483333333,-122.323936666667
1811,47.810665,-122.32399
1812,47.8105733333333,-122.324058333333
1813,47.8104816666667,-122.324126666667
1814,47.81039,-122.324196666667
1815,47.810295,-122.324265
1816,47.8101966666667,-122.324333333333
1817,47.8100933333333,-122.324401666667
1818,47.8099866666667,-122.324485
1819,47.809875,-122.324561666667
1820,47.8097683333333,-122.324646666667
1821,47.8096583333333,-122.324715
1822,47.809555,-122.324798333333
1823,47.8094483333333,-122.324875
1824,47.8093333333333,-122.324973333333
1825,47.809215,-122.325058333333
1826,47.8090966666667,-122.32515
1827,47.8089783333333,-122.325248333333
1828,47.80886,-122.325333333333
1829,47.80875,-122.325408333333
1830,47.8086433333333,-122.325493333333
1831,47.8085366666667,-122.325561666667
1832,47.8084366666667,-122.325645
1833,47.8083416666667,-122.325713333333
1834,47.80825,-122.325783333333
1835,47.8081666666667,-122.325836666667
1836,47.8080783333333,-122.32589
1837,47.8079983333333,-122.325958333333
1838,47.807915,-122.326011666667
1839,47.8078383333333,-122.326065
1840,47.8077583333333,-122.326118333333
1841,47.8076866666667,-122.32618
1842,47.8076133333333,-122.326233333333
1843,47.8075566666667,-122.326271666667
1844,47.80751,-122.326301666667
1845,47.80748,-122.326325
1846,47.8074533333333,-122.32634
1847,47.80743,-122.326355
1848,47.8074066666667,-122.32637
1849,47.80738,-122.326393333333
1850,47.80735,-122.326408333333
1851,47.807315,-122.326438333333
1852,47.8072816666667,-122.326461666667
1853,47.807255,-122.326476666667
1854,47.8072316666667,-122.326491666667
1855,47.8072083333333,-122.326508333333
1856,47.8071983333333,-122.326515
1857,47.8071816666667,-122.32653
1858,47.807175,-122.32653
1859,47.8071716666667,-122.32653
1860,47.807155,-122.326545
1861,47.8071283333333,-122.326561666667
1862,47.80709,-122.326583333333
1863,47.807045,-122.32663
1864,47.8070033333333,-122.326668333333
1865,47.8069683333333,-122.326736666667
1866,47.8069533333333,-122.326805
1867,47.80695,-122.326888333333
1868,47.8069416666667,-122.326996666667
1869,47.8069383333333,-122.327118333333
1870,47.8069383333333,-122.327255
1871,47.806935,-122.327393333333
1872,47.806935,-122.32753
1873,47.806935,-122.327675
1874,47.8069383333333,-122.327811666667
1875,47.8069416666667,-122.327965
1876,47.8069533333333,-122.328116666667
1877,47.8069566666667,-122.328255
1878,47.8069616666667,-122.328391666667
1879,47.8069616666667,-122.328521666667
1880,47.806965,-122.328658333333
1881,47.8069683333333,-122.328788333333
1882,47.8069683333333,-122.328895
1883,47.8069683333333,-122.328986666667
1884,47.8069683333333,-122.329086666667
1885,47.8069683333333,-122.32917
1886,47.8069733333333,-122.329246666667
1887,47.8069733333333,-122.329308333333
1888,47.8069733333333,-122.329345
1889,47.8069733333333,-122.329376666667
1890,47.8069766666667,-122.329383333333
1891,47.8069766666667,-122.329398333333
1892,47.8069766666667,-122.329398333333
1893,47.8069766666667,-122.329415
1894,47.8069766666667,-122.329436666667
1895,47.8069766666667,-122.329468333333
1896,47.8069766666667,-122.329506666667
1897,47.8069766666667,-122.329575
1898,47.8069766666667,-122.329643333333
1899,47.8069766666667,-122.329726666667
1900,47.80698,-122.329796666667
1901,47.80698,-122.32988
1902,47.80698,-122.329986666667
1903,47.80698,-122.330108333333
1904,47.8069833333333,-122.330246666667
1905,47.8069833333333,-122.330413333333
1906,47.8069883333333,-122.330573333333
1907,47.8069916666667,-122.330741666667
1908,47.8069883333333,-122.330933333333
1909,47.8069883333333,-122.331123333333
1910,47.8069883333333,-122.33133
1911,47.8069916666667,-122.331528333333
1912,47.806995,-122.331733333333
1913,47.806995,-122.33194
1914,47.807,-122.332145
1915,47.8070033333333,-122.332336666667
1916,47.8070033333333,-122.332541666667
1917,47.8070033333333,-122.332733333333
1918,47.8070033333333,-122.332908333333
1919,47.8070066666667,-122.333091666667
1920,47.80701,-122.333251666667
1921,47.80701,-122.333411666667
1922,47.807015,-122.33355
1923,47.8070183333333,-122.333701666667
1924,47.8070183333333,-122.333823333333
1925,47.8070216666667,-122.333961666667
1926,47.8070266666667,-122.334068333333
1927,47.8070266666667,-122.334183333333
1928,47.80703,-122.334266666667
1929,47.80703,-122.334328333333
1930,47.8070333333333,-122.334388333333
1931,47.8070333333333,-122.334426666667
1932,47.8070333333333,-122.334441666667
1933,47.8070333333333,-122.334465
1934,47.8070333333333,-122.334465
1935,47.8070333333333,-122.33448
1936,47.8070333333333,-122.33448
1937,47.8070333333333,-122.33448
1938,47.8070333333333,-122.33448
1939,47.8070333333333,-122.33448
1940,47.8070333333333,-122.33448
1941,47.8070333333333,-122.33448
1942,47.8070333333333,-122.33448
1943,47.8070333333333,-122.33448
1944,47.8070333333333,-122.33448
1945,47.8070333333333,-122.33448
1946,47.8070333333333,-122.33448
1947,47.80703,-122.334495
1948,47.8070333333333,-122.334526666667
1949,47.8070333333333,-122.334586666667
1950,47.8070333333333,-122.334655
1951,47.8070333333333,-122.33474
1952,47.8070333333333,-122.334838333333
1953,47.8070333333333,-122.33493
1954,47.8070333333333,-122.335045
1955,47.8070366666667,-122.335151666667
1956,47.8070416666667,-122.335273333333
1957,47.8070416666667,-122.335395
1958,47.807045,-122.335518333333
1959,47.8070483333333,-122.335655
1960,47.8070483333333,-122.335793333333
1961,47.8070483333333,-122.33593
1962,47.8070483333333,-122.336081666667
1963,47.8070483333333,-122.33622
1964,47.8070483333333,-122.336365
1965,47.8070483333333,-122.336501666667
1966,47.8070483333333,-122.336655
1967,47.8070483333333,-122.336806666667
1968,47.8070483333333,-122.336966666667
1969,47.8070483333333,-122.33712
1970,47.8070483333333,-122.337265
1971,47.8070483333333,-122.337418333333
1972,47.8070483333333,-122.337555
1973,47.8070533333333,-122.337691666667
1974,47.8070533333333,-122.33783
1975,47.8070533333333,-122.337981666667
1976,47.8070533333333,-122.338126666667
1977,47.8070533333333,-122.33828
1978,47.8070533333333,-122.338416666667
1979,47.8070533333333,-122.33857
1980,47.8070533333333,-122.3387
1981,47.8070533333333,-122.338851666667
1982,47.8070566666667,-122.339005
1983,47.8070566666667,-122.339165
1984,47.8070566666667,-122.339316666667
1985,47.8070566666667,-122.33947
1986,47.8070533333333,-122.339615
1987,47.8070533333333,-122.339783333333
1988,47.8070533333333,-122.339935
1989,47.8070533333333,-122.340065
1990,47.8070533333333,-122.340218333333
1991,47.8070533333333,-122.34037
1992,47.8070533333333,-122.340508333333
1993,47.8070533333333,-122.340651666667
1994,47.8070533333333,-122.340805
1995,47.8070533333333,-122.340941666667
1996,47.8070533333333,-122.341095
1997,47.8070566666667,-122.34124
1998,47.8070566666667,-122.341393333333
1999,47.80706,-122.34156
2000,47.80706,-122.341705
2001,47.80706,-122.341873333333
2002,47.80706,-122.34201
2003,47.80706,-122.342155
2004,47.80706,-122.342293333333
2005,47.80706,-122.34243
2006,47.80706,-122.342566666667
2007,47.80706,-122.342705
2008,47.8070566666667,-122.342841666667
2009,47.80706,-122.34298
2010,47.80706,-122.343116666667
2011,47.80706,-122.343253333333
2012,47.80706,-122.343398333333
2013,47.80706,-122.343551666667
2014,47.80706,-122.34372
2015,47.8070566666667,-122.343865
2016,47.8070566666667,-122.344016666667
2017,47.80706,-122.34417
2018,47.80706,-122.344315
2019,47.80706,-122.344466666667
2020,47.80706,-122.34462
2021,47.80706,-122.344765
2022,47.80706,-122.344901666667
2023,47.80706,-122.34504
2024,47.80706,-122.345161666667
2025,47.80706,-122.345298333333
2026,47.80706,-122.345413333333
2027,47.80706,-122.345535
2028,47.80706,-122.345641666667
2029,47.8070633333333,-122.345741666667
2030,47.8070633333333,-122.345818333333
2031,47.8070683333333,-122.345886666667
2032,47.8070683333333,-122.34594
2033,47.8070716666667,-122.34597
2034,47.8070716666667,-122.346
2035,47.8070716666667,-122.346008333333
2036,47.8070716666667,-122.346023333333
2037,47.8070716666667,-122.346023333333
2038,47.8070716666667,-122.346038333333
2039,47.8070716666667,-122.346053333333
2040,47.8070716666667,-122.346061666667
2041,47.807075,-122.346091666667
2042,47.80708,-122.346123333333
2043,47.8070833333333,-122.346145
2044,47.8070833333333,-122.346161666667
2045,47.8070866666667,-122.346176666667
2046,47.8070866666667,-122.346176666667
2047,47.8070866666667,-122.346176666667
2048,47.8070866666667,-122.346191666667
2049,47.8070866666667,-122.346215
2050,47.80709,-122.346245
2051,47.807095,-122.346268333333
2052,47.8070983333333,-122.346298333333
2053,47.8070983333333,-122.346313333333
2054,47.8071066666667,-122.346336666667
2055,47.80711,-122.346381666667
2056,47.8071133333333,-122.346405
2057,47.8071166666667,-122.34642
2058,47.8071166666667,-122.34642
2059,47.8071166666667,-122.346435
2060,47.807125,-122.346458333333
2061,47.8071333333333,-122.346505
2062,47.8071483333333,-122.346588333333
2063,47.8071716666667,-122.34668
2064,47.8072016666667,-122.346778333333
2065,47.80724,-122.346885
2066,47.8072966666667,-122.346991666667
2067,47.80735,-122.347115
2068,47.8074183333333,-122.347228333333
2069,47.8074916666667,-122.347351666667
2070,47.8075683333333,-122.347458333333
2071,47.807655,-122.347556666667
2072,47.8077466666667,-122.347648333333
2073,47.8078466666667,-122.347733333333
2074,47.8079483333333,-122.347801666667
2075,47.8080516666667,-122.34787
2076,47.8081633333333,-122.347923333333
2077,47.8082733333333,-122.347991666667
2078,47.8083833333333,-122.348045
2079,47.8084983333333,-122.348113333333
2080,47.8086083333333,-122.348183333333
2081,47.80872,-122.348236666667
2082,47.8088333333333,-122.348305
2083,47.8089483333333,-122.348373333333
2084,47.8090583333333,-122.348426666667
2085,47.8091766666667,-122.348495
2086,47.8092916666667,-122.348563333333
2087,47.8094133333333,-122.348633333333
2088,47.8095283333333,-122.348701666667
2089,47.8096466666667,-122.348785
2090,47.8097616666667,-122.348876666667
2091,47.8098716666667,-122.348976666667
2092,47.809975,-122.349098333333
2093,47.8100733333333,-122.34922
2094,47.810165,-122.349341666667
2095,47.81025,-122.349495
2096,47.810325,-122.349655
2097,47.810395,-122.349823333333
2098,47.810455,-122.350013333333
2099,47.810505,-122.35019
2100,47.8105433333333,-122.35038
2101,47.81057,-122.35057
2102,47.810585,-122.350753333333
2103,47.8105883333333,-122.35093
2104,47.8105883333333,-122.35109
2105,47.8105933333333,-122.351256666667
2106,47.8105933333333,-122.351418333333
2107,47.8105933333333,-122.351585
2108,47.8106,-122.351745
2109,47.8106033333333,-122.351913333333
2110,47.8106033333333,-122.352073333333
2111,47.8106033333333,-122.352226666667
2112,47.8106033333333,-122.352386666667
2113,47.8106033333333,-122.352555
2114,47.8106033333333,-122.352715
2115,47.8106033333333,-122.352881666667
2116,47.8106,-122.353058333333
2117,47.8106,-122.353241666667
2118,47.8106,-122.353401666667
2119,47.8105966666667,-122.353576666667
2120,47.8105933333333,-122.35376
2121,47.8105966666667,-122.353935
2122,47.8105933333333,-122.35411
2123,47.8105933333333,-122.354286666667
2124,47.8105933333333,-122.354453333333
2125,47.8105933333333,-122.35463
2126,47.8105883333333,-122.354796666667
2127,47.8105883333333,-122.354958333333
2128,47.8105883333333,-122.355125
2129,47.810585,-122.355285
2130,47.810585,-122.355453333333
2131,47.810585,-122.355613333333
2132,47.8105816666667,-122.355766666667
2133,47.8105816666667,-122.355888333333
2134,47.8105816666667,-122.355995
2135,47.8105816666667,-122.356116666667
2136,47.8105816666667,-122.35624
2137,47.8105816666667,-122.356391666667
2138,47.8105816666667,-122.356545
2139,47.8105816666667,-122.35669
2140,47.8105816666667,-122.356856666667
2141,47.8105816666667,-122.357018333333
2142,47.8105816666667,-122.3572
2143,47.8105816666667,-122.357376666667
2144,47.8105816666667,-122.357551666667
2145,47.8105816666667,-122.357735
2146,47.810585,-122.357925
2147,47.810585,-122.358116666667
2148,47.8105816666667,-122.358306666667
2149,47.8105816666667,-122.358498333333
2150,47.8105766666667,-122.358703333333
2151,47.8105766666667,-122.35891
2152,47.8105766666667,-122.3591
2153,47.8105766666667,-122.359298333333
2154,47.8105766666667,-122.359505
2155,47.8105766666667,-122.359726666667
2156,47.8105766666667,-122.359931666667
2157,47.8105766666667,-122.360145
2158,47.8105816666667,-122.360351666667
2159,47.8105816666667,-122.360558333333
2160,47.8105816666667,-122.360778333333
2161,47.8105766666667,-122.360985
2162,47.8105816666667,-122.36119
2163,47.8105816666667,-122.361388333333
2164,47.8105766666667,-122.36158
2165,47.8105816666667,-122.361778333333
2166,47.810585,-122.361968333333
2167,47.810585,-122.362166666667
2168,47.810585,-122.362373333333
2169,47.810585,-122.36258
2170,47.810585,-122.362785
2171,47.810585,-122.363006666667
2172,47.810585,-122.363213333333
2173,47.810585,-122.363411666667
2174,47.8105816666667,-122.363601666667
2175,47.8105816666667,-122.363808333333
2176,47.8105816666667,-122.363998333333
2177,47.8105816666667,-122.364188333333
2178,47.8105766666667,-122.364388333333
2179,47.8105883333333,-122.364563333333
2180,47.8106116666667,-122.364723333333
2181,47.81062,-122.364891666667
2182,47.81062,-122.365066666667
2183,47.810615,-122.365235
2184,47.8106116666667,-122.365395
2185,47.8106083333333,-122.365561666667
2186,47.8106083333333,-122.365723333333
2187,47.8106083333333,-122.365883333333
2188,47.8106116666667,-122.36602
2189,47.810615,-122.366158333333
2190,47.8106116666667,-122.36628
2191,47.8106116666667,-122.36641
2192,47.8106083333333,-122.366501666667
2193,47.8106033333333,-122.366585
2194,47.8106,-122.366668333333
2195,47.8105966666667,-122.366736666667
2196,47.8105966666667,-122.366775
2197,47.8105966666667,-122.366798333333
2198,47.8105966666667,-122.366798333333
2199,47.8105966666667,-122.366798333333
2200,47.8105933333333,-122.366798333333
2201,47.8105933333333,-122.366798333333
2202,47.8105933333333,-122.366813333333
2203,47.8105933333333,-122.366845
2204,47.8105933333333,-122.366898333333
2205,47.8105933333333,-122.366996666667
2206,47.8105883333333,-122.367088333333
2207,47.8105883333333,-122.367195
2208,47.8105883333333,-122.36731
2209,47.8105883333333,-122.367431666667
2210,47.8105883333333,-122.367553333333
2211,47.8105883333333,-122.367691666667
2212,47.8105883333333,-122.367813333333
2213,47.810585,-122.36795
2214,47.810585,-122.368088333333
2215,47.810585,-122.368225
2216,47.810585,-122.368361666667
2217,47.810585,-122.368491666667
2218,47.810585,-122.36863
2219,47.8105816666667,-122.368781666667
2220,47.8105816666667,-122.36892
2221,47.8105816666667,-122.369056666667
2222,47.8105816666667,-122.369193333333
2223,47.8105816666667,-122.369316666667
2224,47.8105816666667,-122.369438333333
2225,47.8105816666667,-122.369545
2226,47.8105816666667,-122.36966
2227,47.8105816666667,-122.369766666667
2228,47.8105816666667,-122.369873333333
2229,47.8105816666667,-122.369986666667
2230,47.8105816666667,-122.37011
2231,47.8105816666667,-122.370231666667
2232,47.8105816666667,-122.370338333333
2233,47.810585,-122.37046
2234,47.810585,-122.370583333333
2235,47.810585,-122.370711666667
2236,47.810585,-122.370835
2237,47.810585,-122.370941666667
2238,47.810585,-122.371048333333
2239,47.810585,-122.371161666667
2240,47.810585,-122.37127
2241,47.810585,-122.371376666667
2242,47.8105816666667,-122.371498333333
2243,47.8105766666667,-122.371613333333
2244,47.8105766666667,-122.37172
2245,47.8105816666667,-122.371818333333
2246,47.8105816666667,-122.371886666667
2247,47.8105816666667,-122.371948333333
2248,47.8105816666667,-122.37201
2249,47.8105816666667,-122.372063333333
2250,47.8105816666667,-122.372078333333
2251,47.8105816666667,-122.372085
2252,47.8105816666667,-122.372085
2253,47.8105816666667,-122.372116666667
2254,47.8105816666667,-122.372155
2255,47.8105816666667,-122.372208333333
2256,47.8105816666667,-122.372291666667
2257,47.8105816666667,-122.372375
2258,47.8105816666667,-122.372475
2259,47.8105766666667,-122.372581666667
2260,47.8105766666667,-122.372673333333
2261,47.8105766666667,-122.372786666667
2262,47.8105766666667,-122.372895
2263,47.8105733333333,-122.373001666667
2264,47.8105733333333,-122.373115
2265,47.8105766666667,-122.373221666667
2266,47.8105766666667,-122.373328333333
2267,47.8105766666667,-122.373428333333
2268,47.8105766666667,-122.37352
2269,47.8105766666667,-122.373618333333
2270,47.8105766666667,-122.37371
2271,47.8105766666667,-122.373825
2272,47.8105766666667,-122.373931666667
2273,47.8105766666667,-122.374038333333
2274,47.8105733333333,-122.374168333333
2275,47.8105733333333,-122.374275
2276,47.8105766666667,-122.374381666667
2277,47.8105766666667,-122.374481666667
2278,47.8105766666667,-122.374573333333
2279,47.8105766666667,-122.374641666667
2280,47.8105766666667,-122.37471
2281,47.8105766666667,-122.37474
2282,47.8105733333333,-122.374756666667
2283,47.81057,-122.374756666667
2284,47.81057,-122.374763333333
2285,47.81057,-122.374778333333
2286,47.8105766666667,-122.374793333333
2287,47.8105883333333,-122.374816666667
2288,47.8106116666667,-122.374846666667
2289,47.8106416666667,-122.374863333333
2290,47.81068,-122.374863333333
2291,47.8107216666667,-122.374863333333
2292,47.810775,-122.374863333333
2293,47.810825,-122.374863333333
2294,47.8108783333333,-122.374863333333
2295,47.810925,-122.374863333333
2296,47.8109633333333,-122.374846666667
2297,47.8109933333333,-122.374846666667
2298,47.8110283333333,-122.374846666667
2299,47.81107,-122.374846666667
2300,47.8111116666667,-122.374846666667
2301,47.8111566666667,-122.374846666667
2302,47.8112066666667,-122.374846666667
2303,47.811245,-122.374846666667
2304,47.81128,-122.374846666667
2305,47.8113066666667,-122.374846666667
2306,47.8113333333333,-122.374846666667
2307,47.8113633333333,-122.374846666667
2308,47.8114016666667,-122.374831666667
2309,47.81144,-122.374831666667
2310,47.8114783333333,-122.374831666667
2311,47.811515,-122.374831666667
2312,47.8115466666667,-122.374831666667
2313,47.811585,-122.374831666667
2314,47.8116266666667,-122.374831666667
2315,47.8116766666667,-122.374831666667
2316,47.81173,-122.374816666667
2317,47.8117866666667,-122.374816666667
2318,47.8118433333333,-122.374816666667
2319,47.8119016666667,-122.374816666667
2320,47.8119583333333,-122.374816666667
2321,47.812015,-122.37481
2322,47.812065,-122.37481
2323,47.8121183333333,-122.37481
2324,47.8121683333333,-122.37481
2325,47.8122183333333,-122.37481
2326,47.81226,-122.374793333333
2327,47.812305,-122.374793333333
2328,47.8123516666667,-122.37481
2329,47.8124083333333,-122.37481
2330,47.812465,-122.37481
2331,47.81253,-122.374816666667
2332,47.8125916666667,-122.374816666667
2333,47.8126533333333,-122.374816666667
2334,47.81271,-122.37481
2335,47.8127666666667,-122.37481
2336,47.81282,-122.37481
2337,47.81287,-122.37481
2338,47.8129116666667,-122.37481
2339,47.8129466666667,-122.374816666667
2340,47.81297,-122.374846666667
2341,47.8129883333333,-122.3749
2342,47.813,-122.374955
2343,47.8130033333333,-122.375015
2344,47.8130066666667,-122.375068333333
2345,47.8130116666667,-122.375121666667
2346,47.8130116666667,-122.37519
2347,47.813015,-122.37526
2348,47.813015,-122.375343333333
2349,47.8130116666667,-122.37542
2350,47.8130116666667,-122.375518333333
2351,47.8130066666667,-122.375603333333
2352,47.8130033333333,-122.375695
2353,47.813,-122.375801666667
2354,47.8130033333333,-122.3759
2355,47.8130033333333,-122.375985