0,47.6130416666667,-122.032875
1,47.6130416666667,-122.032958333333
2,47.6130416666667,-122.033035
3,47.6130416666667,-122.03312
4,47.6130416666667,-122.033173333333
5,47.6130416666667,-122.033218333333
6,47.6130416666667,-122.033241666667
7,47.6130416666667,-122.033286666667
8,47.6130416666667,-122.03334
9,47.6130366666667,-122.033416666667
10,47.6130333333333,-122.0335
11,47.6130333333333,-122.0336
12,47.61303,-122.033706666667
13,47.613025,-122.033813333333
14,47.6130216666667,-122.033943333333
15,47.613015,-122.03405
16,47.61301,-122.034156666667
17,47.6130066666667,-122.034263333333
18,47.6130066666667,-122.034348333333
19,47.6130066666667,-122.034431666667
20,47.61301,-122.0345
21,47.613015,-122.034553333333
22,47.6130183333333,-122.034591666667
23,47.6130216666667,-122.034636666667
24,47.6130216666667,-122.03466
25,47.6130216666667,-122.034675
26,47.613025,-122.034675
27,47.613025,-122.034675
28,47.6130216666667,-122.034675
29,47.6130216666667,-122.034675
30,47.6130216666667,-122.034675
31,47.6130216666667,-122.034675
32,47.6130216666667,-122.034675
33,47.6130216666667,-122.034675
34,47.6130216666667,-122.034675
35,47.6130216666667,-122.034675
36,47.6130216666667,-122.034675
37,47.6130216666667,-122.034675
38,47.6130216666667,-122.034675
39,47.6130216666667,-122.034675
40,47.6130216666667,-122.034691666667
41,47.613025,-122.034728333333
42,47.613025,-122.03479
43,47.613025,-122.034866666667
44,47.613025,-122.03495
45,47.613025,-122.03505
46,47.613025,-122.035141666667
47,47.61303,-122.03521
48,47.6130516666667,-122.035278333333
49,47.61309,-122.035331666667
50,47.6131516666667,-122.035378333333
51,47.6132283333333,-122.035385
52,47.613315,-122.0354
53,47.6134033333333,-122.0354
54,47.6134983333333,-122.0354
55,47.61361,-122.035415
56,47.6137316666667,-122.035415
57,47.613865,-122.035431666667
58,47.6140016666667,-122.035438333333
59,47.6141433333333,-122.035453333333
60,47.614285,-122.035453333333
61,47.614425,-122.035453333333
62,47.6145633333333,-122.035453333333
63,47.6147033333333,-122.035468333333
64,47.6148383333333,-122.035468333333
65,47.6149716666667,-122.035468333333
66,47.6151016666667,-122.035468333333
67,47.6152266666667,-122.035468333333
68,47.615345,-122.035468333333
69,47.6154516666667,-122.035468333333
70,47.615535,-122.035468333333
71,47.6156,-122.035468333333
72,47.6156383333333,-122.035468333333
73,47.61567,-122.035468333333
74,47.6156916666667,-122.035468333333
75,47.6157,-122.035468333333
76,47.6157066666667,-122.035468333333
77,47.6157116666667,-122.035468333333
78,47.615715,-122.035468333333
79,47.615715,-122.035468333333
80,47.615715,-122.035468333333
81,47.6157183333333,-122.035468333333
82,47.6157233333333,-122.035468333333
83,47.6157233333333,-122.035468333333
84,47.6157233333333,-122.035468333333
85,47.61573,-122.035468333333
86,47.6157533333333,-122.035468333333
87,47.6157883333333,-122.035485
88,47.6158416666667,-122.035485
89,47.615905,-122.0355
90,47.615975,-122.035506666667
91,47.6160466666667,-122.035506666667
92,47.6161233333333,-122.035506666667
93,47.6162033333333,-122.035506666667
94,47.6162716666667,-122.035506666667
95,47.61633,-122.035506666667
96,47.6163833333333,-122.035506666667
97,47.6164166666667,-122.035506666667
98,47.61644,-122.035506666667
99,47.6164466666667,-122.035506666667
100,47.6164466666667,-122.035506666667
101,47.6164433333333,-122.035506666667
102,47.6164433333333,-122.035506666667
103,47.6164433333333,-122.035506666667
104,47.6164433333333,-122.035506666667
105,47.6164433333333,-122.035506666667
106,47.6164433333333,-122.035506666667
107,47.6164433333333,-122.035506666667
108,47.6164433333333,-122.035506666667
109,47.6164433333333,-122.035506666667
110,47.6164433333333,-122.035506666667
111,47.6164433333333,-122.035506666667
112,47.6164466666667,-122.035506666667
113,47.6164466666667,-122.035506666667
114,47.6164466666667,-122.035506666667
115,47.6164466666667,-122.035506666667
116,47.6164466666667,-122.035506666667
117,47.6164466666667,-122.035506666667
118,47.6164466666667,-122.035506666667
119,47.6164433333333,-122.035506666667
120,47.6164433333333,-122.035506666667
121,47.61644,-122.035506666667
122,47.61644,-122.035506666667
123,47.61644,-122.035506666667
124,47.6164366666667,-122.035506666667
125,47.6164366666667,-122.035506666667
126,47.6164366666667,-122.035506666667
127,47.6164316666667,-122.035506666667
128,47.6164316666667,-122.035506666667
129,47.6164316666667,-122.035506666667
130,47.6164316666667,-122.035506666667
131,47.6164283333333,-122.035506666667
132,47.6164283333333,-122.035506666667
133,47.6164283333333,-122.035506666667
134,47.6164283333333,-122.035506666667
135,47.616425,-122.035506666667
136,47.616425,-122.035506666667
137,47.616425,-122.035506666667
138,47.616425,-122.035506666667
139,47.616425,-122.035506666667
140,47.616425,-122.035506666667
141,47.616425,-122.035506666667
142,47.61642,-122.035506666667
143,47.61642,-122.035506666667
144,47.61642,-122.035506666667
145,47.61642,-122.035506666667
146,47.61642,-122.035506666667
147,47.61642,-122.035506666667
148,47.61642,-122.035506666667
149,47.61642,-122.035506666667
150,47.61642,-122.035506666667
151,47.6164166666667,-122.035506666667
152,47.6164166666667,-122.035506666667
153,47.6164166666667,-122.035506666667
154,47.6164166666667,-122.035506666667
155,47.6164166666667,-122.035506666667
156,47.6164166666667,-122.035506666667
157,47.6164166666667,-122.035506666667
158,47.6164166666667,-122.035506666667
159,47.6164166666667,-122.035506666667
160,47.6164166666667,-122.035506666667
161,47.6164166666667,-122.035506666667
162,47.6164166666667,-122.035506666667
163,47.61642,-122.035506666667
164,47.61642,-122.035506666667
165,47.61642,-122.035506666667
166,47.61642,-122.035506666667
167,47.61642,-122.035506666667
168,47.61642,-122.035506666667
169,47.61642,-122.035506666667
170,47.61642,-122.035506666667
171,47.61642,-122.035506666667
172,47.61642,-122.035506666667
173,47.61642,-122.035506666667
174,47.616425,-122.035506666667
175,47.616425,-122.035506666667
176,47.616425,-122.035506666667
177,47.616425,-122.035506666667
178,47.616425,-122.035506666667
179,47.616425,-122.035506666667
180,47.616425,-122.035506666667
181,47.616425,-122.035506666667
182,47.616425,-122.035506666667
183,47.616425,-122.035506666667
184,47.616425,-122.035506666667
185,47.616425,-122.035506666667
186,47.616425,-122.035506666667
187,47.616425,-122.035506666667
188,47.616425,-122.035506666667
189,47.616425,-122.035506666667
190,47.616425,-122.035506666667
191,47.616425,-122.035506666667
192,47.616425,-122.035506666667
193,47.616425,-122.035506666667
194,47.616425,-122.035506666667
195,47.616425,-122.035506666667
196,47.616425,-122.035506666667
197,47.616425,-122.035506666667
198,47.616425,-122.035506666667
199,47.616425,-122.035506666667
200,47.616425,-122.035506666667
201,47.616425,-122.035506666667
202,47.616425,-122.035506666667
203,47.616425,-122.035506666667
204,47.616425,-122.035506666667
205,47.616425,-122.035506666667
206,47.616425,-122.035506666667
207,47.6164283333333,-122.035506666667
208,47.6164433333333,-122.035506666667
209,47.6164733333333,-122.035538333333
210,47.6165116666667,-122.035576666667
211,47.6165433333333,-122.035645
212,47.6165466666667,-122.035743333333
213,47.6165283333333,-122.035865
214,47.616485,-122.036003333333
215,47.6164316666667,-122.03614
216,47.6163716666667,-122.036285
217,47.6163016666667,-122.036438333333
218,47.6162266666667,-122.036606666667
219,47.61615,-122.036781666667
220,47.61607,-122.036956666667
221,47.61599,-122.037131666667
222,47.6159166666667,-122.0373
223,47.615845,-122.037453333333
224,47.6157766666667,-122.037613333333
225,47.6157033333333,-122.037765
226,47.6156316666667,-122.037918333333
227,47.6155583333333,-122.038078333333
228,47.6154866666667,-122.038246666667
229,47.61541,-122.038421666667
230,47.6153366666667,-122.038581666667
231,47.615265,-122.03875
232,47.6151883333333,-122.03891
233,47.6151166666667,-122.039063333333
234,47.6150466666667,-122.039223333333
235,47.6149716666667,-122.03939
236,47.6148983333333,-122.03955
237,47.6148266666667,-122.039733333333
238,47.6147533333333,-122.039893333333
239,47.6146816666667,-122.040061666667
240,47.6146083333333,-122.040206666667
241,47.61454,-122.040375
242,47.6144783333333,-122.040535
243,47.614425,-122.040718333333
244,47.61438,-122.040878333333
245,47.6143416666667,-122.041068333333
246,47.6143183333333,-122.041245
247,47.6143066666667,-122.041435
248,47.6143,-122.041641666667
249,47.6142966666667,-122.041831666667
250,47.6142916666667,-122.042023333333
251,47.6142883333333,-122.042221666667
252,47.614285,-122.04242
253,47.61428,-122.04261
254,47.61428,-122.042808333333
255,47.61428,-122.043
256,47.61428,-122.04319
257,47.61428,-122.04338
258,47.61428,-122.043586666667
259,47.6142766666667,-122.043785
260,47.6142733333333,-122.043991666667
261,47.6142766666667,-122.044196666667
262,47.6142766666667,-122.044403333333
263,47.6142766666667,-122.044608333333
264,47.6142766666667,-122.044815
265,47.61428,-122.045021666667
266,47.614285,-122.045235
267,47.6142966666667,-122.04544
268,47.6143033333333,-122.045661666667
269,47.6143183333333,-122.045875
270,47.61433,-122.046096666667
271,47.6143533333333,-122.046303333333
272,47.6143766666667,-122.046523333333
273,47.614395,-122.046721666667
274,47.6144216666667,-122.046943333333
275,47.6144516666667,-122.047135
276,47.6144833333333,-122.047355
277,47.614525,-122.04757
278,47.6145783333333,-122.04779
279,47.614635,-122.048011666667
280,47.614685,-122.04824
281,47.6147233333333,-122.048446666667
282,47.614765,-122.048653333333
283,47.614815,-122.048858333333
284,47.61486,-122.04905
285,47.6149133333333,-122.049255
286,47.6149716666667,-122.049446666667
287,47.615025,-122.049636666667
288,47.6150816666667,-122.049843333333
289,47.6151433333333,-122.050033333333
290,47.6152,-122.050225
291,47.6152533333333,-122.0504
292,47.61531,-122.050575
293,47.6153633333333,-122.050758333333
294,47.6154133333333,-122.050933333333
295,47.6154633333333,-122.051093333333
296,47.6155016666667,-122.051231666667
297,47.615535,-122.051353333333
298,47.6155583333333,-122.051436666667
299,47.6155733333333,-122.05149
300,47.6155966666667,-122.051545
301,47.6156266666667,-122.05159
302,47.61567,-122.051628333333
303,47.615715,-122.051681666667
304,47.6157383333333,-122.05175
305,47.6157416666667,-122.051833333333
306,47.61573,-122.051933333333
307,47.6157233333333,-122.052025
308,47.61573,-122.052131666667
309,47.6157683333333,-122.052261666667
310,47.6158216666667,-122.052383333333
311,47.615875,-122.052528333333
312,47.6159283333333,-122.052665
313,47.61599,-122.052833333333
314,47.6160466666667,-122.052993333333
315,47.6161116666667,-122.053176666667
316,47.6161733333333,-122.053351666667
317,47.6162333333333,-122.053543333333
318,47.616295,-122.053748333333
319,47.6163566666667,-122.053955
320,47.6164166666667,-122.054153333333
321,47.6164816666667,-122.054351666667
322,47.6165466666667,-122.05455
323,47.6166116666667,-122.054756666667
324,47.6166766666667,-122.054961666667
325,47.6167416666667,-122.055168333333
326,47.6168066666667,-122.055373333333
327,47.6168716666667,-122.05558
328,47.616935,-122.055786666667
329,47.617005,-122.056
330,47.6170766666667,-122.056205
331,47.6171566666667,-122.056381666667
332,47.617245,-122.056571666667
333,47.61734,-122.056755
334,47.61745,-122.056915
335,47.617565,-122.057068333333
336,47.6176866666667,-122.057228333333
337,47.6178166666667,-122.05738
338,47.6179433333333,-122.057533333333
339,47.6180683333333,-122.05767
340,47.61819,-122.057808333333
341,47.6183133333333,-122.057953333333
342,47.618435,-122.05809
343,47.6185533333333,-122.058211666667
344,47.6186683333333,-122.05835
345,47.6187866666667,-122.058486666667
346,47.6188966666667,-122.058608333333
347,47.6190066666667,-122.058731666667
348,47.6191133333333,-122.058868333333
349,47.6192133333333,-122.059005
350,47.6193016666667,-122.059173333333
351,47.6193816666667,-122.059333333333
352,47.6194616666667,-122.05951
353,47.6195366666667,-122.059676666667
354,47.61961,-122.059868333333
355,47.619675,-122.060043333333
356,47.6197433333333,-122.06025
357,47.619815,-122.06044
358,47.6198883333333,-122.060646666667
359,47.61996,-122.060836666667
360,47.6200333333333,-122.061028333333
361,47.620105,-122.061218333333
362,47.620175,-122.061393333333
363,47.62024,-122.061561666667
364,47.6203083333333,-122.061721666667
365,47.6203733333333,-122.061905
366,47.6204416666667,-122.06208
367,47.6205133333333,-122.062256666667
368,47.6205866666667,-122.062446666667
369,47.6206633333333,-122.062636666667
370,47.6207383333333,-122.062828333333
371,47.620815,-122.063033333333
372,47.6208883333333,-122.063255
373,47.6209566666667,-122.063485
374,47.6210166666667,-122.06372
375,47.6210716666667,-122.06395
376,47.6211083333333,-122.064193333333
377,47.6211433333333,-122.064445
378,47.6211666666667,-122.064705
379,47.6211883333333,-122.06498
380,47.6212083333333,-122.065246666667
381,47.62122,-122.065536666667
382,47.6212383333333,-122.065811666667
383,47.6212733333333,-122.06607
384,47.621315,-122.066345
385,47.6213716666667,-122.06659
386,47.62143,-122.066803333333
387,47.62149,-122.067008333333
388,47.621555,-122.067191666667
389,47.62162,-122.067368333333
390,47.6216816666667,-122.067528333333
391,47.6217383333333,-122.06768
392,47.6217916666667,-122.067818333333
393,47.6218416666667,-122.067955
394,47.6218916666667,-122.068076666667
395,47.62193,-122.068198333333
396,47.6219666666667,-122.068298333333
397,47.6220016666667,-122.06839
398,47.6220283333333,-122.068458333333
399,47.6220516666667,-122.068511666667
400,47.6220633333333,-122.068558333333
401,47.62207,-122.06858
402,47.6220733333333,-122.06858
403,47.6220783333333,-122.068596666667
404,47.6220783333333,-122.068596666667
405,47.6220733333333,-122.068596666667
406,47.6220733333333,-122.06858
407,47.6220733333333,-122.06858
408,47.62207,-122.06858
409,47.62207,-122.06858
410,47.62207,-122.06858
411,47.6220666666667,-122.06858
412,47.6220666666667,-122.06858
413,47.6220666666667,-122.06858
414,47.6220666666667,-122.068565
415,47.6220666666667,-122.068565
416,47.6220633333333,-122.068565
417,47.6220633333333,-122.068565
418,47.6220633333333,-122.068565
419,47.6220633333333,-122.068565
420,47.6220633333333,-122.068565
421,47.6220583333333,-122.068565
422,47.6220583333333,-122.068565
423,47.6220583333333,-122.068565
424,47.6220583333333,-122.068565
425,47.6220633333333,-122.06858
426,47.6220783333333,-122.068611666667
427,47.6221,-122.068695
428,47.622135,-122.068771666667
429,47.6221766666667,-122.068893333333
430,47.6222266666667,-122.06903
431,47.6222883333333,-122.069183333333
432,47.6223683333333,-122.069336666667
433,47.6224633333333,-122.069481666667
434,47.6225783333333,-122.069618333333
435,47.6227066666667,-122.069755
436,47.6228483333333,-122.069878333333
437,47.6229966666667,-122.069991666667
438,47.6231466666667,-122.070098333333
439,47.6232983333333,-122.070183333333
440,47.623455,-122.070251666667
441,47.623615,-122.070305
442,47.6237716666667,-122.070328333333
443,47.6239283333333,-122.070343333333
444,47.62408,-122.070328333333
445,47.6242333333333,-122.07032
446,47.6243816666667,-122.07029
447,47.624535,-122.070275
448,47.6246833333333,-122.070251666667
449,47.6248316666667,-122.070236666667
450,47.6249816666667,-122.070221666667
451,47.6251266666667,-122.070205
452,47.625275,-122.07019
453,47.625415,-122.070183333333
454,47.625565,-122.070168333333
455,47.6257133333333,-122.070151666667
456,47.6258616666667,-122.070151666667
457,47.6260066666667,-122.070151666667
458,47.62616,-122.070168333333
459,47.6263083333333,-122.070168333333
460,47.6264566666667,-122.070168333333
461,47.6266133333333,-122.070183333333
462,47.6267616666667,-122.070183333333
463,47.626915,-122.070183333333
464,47.6270683333333,-122.07019
465,47.62722,-122.07019
466,47.6273733333333,-122.070205
467,47.6275283333333,-122.070205
468,47.6276816666667,-122.070221666667
469,47.6278383333333,-122.070221666667
470,47.6279983333333,-122.070221666667
471,47.6281616666667,-122.070236666667
472,47.6283233333333,-122.070236666667
473,47.6284866666667,-122.070251666667
474,47.62865,-122.070251666667
475,47.628815,-122.070251666667
476,47.6289783333333,-122.070251666667
477,47.6291433333333,-122.070258333333
478,47.6293066666667,-122.070258333333
479,47.62947,-122.070275
480,47.629635,-122.070275
481,47.6298033333333,-122.07029
482,47.6299633333333,-122.07029
483,47.6301266666667,-122.070305
484,47.6302916666667,-122.070305
485,47.630455,-122.070305
486,47.6306183333333,-122.07032
487,47.6307833333333,-122.07032
488,47.6309466666667,-122.070328333333
489,47.6311116666667,-122.070343333333
490,47.631275,-122.070343333333
491,47.63144,-122.070358333333
492,47.6316033333333,-122.070388333333
493,47.6317716666667,-122.070411666667
494,47.631935,-122.070441666667
495,47.6321033333333,-122.07048
496,47.6322666666667,-122.070533333333
497,47.6324266666667,-122.070586666667
498,47.6325916666667,-122.070655
499,47.6327483333333,-122.070725
500,47.6329083333333,-122.070808333333
501,47.633065,-122.070908333333
502,47.6332166666667,-122.070998333333
503,47.63337,-122.071106666667
504,47.6335266666667,-122.07122
505,47.6336783333333,-122.071341666667
506,47.6338316666667,-122.07145
507,47.6339833333333,-122.071563333333
508,47.6341316666667,-122.071685
509,47.6342816666667,-122.071793333333
510,47.63443,-122.071915
511,47.6345783333333,-122.072021666667
512,47.6347316666667,-122.072151666667
513,47.63488,-122.072258333333
514,47.6350283333333,-122.07238
515,47.6351816666667,-122.072486666667
516,47.63533,-122.072608333333
517,47.6354833333333,-122.072723333333
518,47.635635,-122.072845
519,47.6357833333333,-122.072951666667
520,47.63594,-122.073075
521,47.636085,-122.073196666667
522,47.6362383333333,-122.073326666667
523,47.63638,-122.073455
524,47.636525,-122.073608333333
525,47.6366616666667,-122.073745
526,47.6367983333333,-122.073906666667
527,47.6369316666667,-122.074073333333
528,47.6370616666667,-122.074233333333
529,47.6371883333333,-122.074401666667
530,47.6373133333333,-122.074576666667
531,47.6374433333333,-122.07476
532,47.63757,-122.074936666667
533,47.637695,-122.075126666667
534,47.6378216666667,-122.075301666667
535,47.6379466666667,-122.075478333333
536,47.6380733333333,-122.075668333333
537,47.6382033333333,-122.075851666667
538,47.6383283333333,-122.076041666667
539,47.638455,-122.076218333333
540,47.6385833333333,-122.076393333333
541,47.6387066666667,-122.076576666667
542,47.6388316666667,-122.076766666667
543,47.6389533333333,-122.076941666667
544,47.6390766666667,-122.077118333333
545,47.6391983333333,-122.077285
546,47.6393166666667,-122.077461666667
547,47.6394316666667,-122.077628333333
548,47.6395533333333,-122.077805
549,47.6396683333333,-122.077965
550,47.639785,-122.078148333333
551,47.6399,-122.078308333333
552,47.640015,-122.078476666667
553,47.640125,-122.078621666667
554,47.6402433333333,-122.078788333333
555,47.6403533333333,-122.078948333333
556,47.6404683333333,-122.079116666667
557,47.64058,-122.079261666667
558,47.6406966666667,-122.07943
559,47.6408116666667,-122.07959
560,47.64093,-122.079758333333
561,47.6410483333333,-122.079918333333
562,47.64117,-122.08007
563,47.6413,-122.080223333333
564,47.6414333333333,-122.08036
565,47.6415716666667,-122.080498333333
566,47.6417083333333,-122.080626666667
567,47.641845,-122.080756666667
568,47.6419833333333,-122.080886666667
569,47.642125,-122.081016666667
570,47.6422616666667,-122.081138333333
571,47.6423983333333,-122.081276666667
572,47.6425316666667,-122.081398333333
573,47.6426733333333,-122.08152
574,47.642815,-122.081656666667
575,47.6429516666667,-122.08178
576,47.643085,-122.081916666667
577,47.6432183333333,-122.082038333333
578,47.6433533333333,-122.082145
579,47.6434866666667,-122.082268333333
580,47.64362,-122.08239
581,47.6437533333333,-122.082505
582,47.6438866666667,-122.082641666667
583,47.64402,-122.082748333333
584,47.6441533333333,-122.08287
585,47.6442833333333,-122.082993333333
586,47.6444166666667,-122.083115
587,47.6445433333333,-122.083228333333
588,47.6446716666667,-122.083351666667
589,47.6448016666667,-122.083473333333
590,47.6449283333333,-122.083595
591,47.64505,-122.083733333333
592,47.6451683333333,-122.083885
593,47.6452866666667,-122.08403
594,47.6453966666667,-122.084183333333
595,47.6455,-122.084343333333
596,47.6456066666667,-122.08451
597,47.64571,-122.084671666667
598,47.6458166666667,-122.084838333333
599,47.64592,-122.084998333333
600,47.6460266666667,-122.085151666667
601,47.6461366666667,-122.085305
602,47.646255,-122.085426666667
603,47.6463783333333,-122.085548333333
604,47.6465066666667,-122.085648333333
605,47.64664,-122.085738333333
606,47.646775,-122.085838333333
607,47.6469116666667,-122.085915
608,47.647045,-122.085998333333
609,47.6471783333333,-122.086081666667
610,47.6473116666667,-122.086173333333
611,47.64745,-122.086273333333
612,47.6475833333333,-122.086365
613,47.6477166666667,-122.086463333333
614,47.64785,-122.08657
615,47.6479833333333,-122.086693333333
616,47.64811,-122.08683
617,47.648235,-122.086966666667
618,47.6483566666667,-122.08712
619,47.648475,-122.087273333333
620,47.6485933333333,-122.087418333333
621,47.64872,-122.08757
622,47.64885,-122.087708333333
623,47.6489716666667,-122.08786
624,47.6490933333333,-122.088005
625,47.649215,-122.088158333333
626,47.6493416666667,-122.08831
627,47.6494666666667,-122.08847
628,47.6495933333333,-122.088623333333
629,47.6497233333333,-122.088775
630,47.6498566666667,-122.088905
631,47.6499933333333,-122.089043333333
632,47.6501433333333,-122.089156666667
633,47.6502916666667,-122.089263333333
634,47.6504483333333,-122.089348333333
635,47.650605,-122.089416666667
636,47.6507683333333,-122.08947
637,47.6509283333333,-122.089523333333
638,47.6510933333333,-122.089561666667
639,47.6512533333333,-122.089606666667
640,47.6514166666667,-122.089645
641,47.6515766666667,-122.089691666667
642,47.6517366666667,-122.089745
643,47.6518933333333,-122.089813333333
644,47.65205,-122.089881666667
645,47.6521983333333,-122.089958333333
646,47.6523433333333,-122.090056666667
647,47.6524933333333,-122.090148333333
648,47.6526366666667,-122.090248333333
649,47.6527866666667,-122.090355
650,47.652935,-122.090453333333
651,47.65308,-122.090561666667
652,47.6532216666667,-122.09066
653,47.6533733333333,-122.090751666667
654,47.6535183333333,-122.09085
655,47.6536666666667,-122.090958333333
656,47.6538116666667,-122.091056666667
657,47.6539616666667,-122.091148333333
658,47.6541016666667,-122.091248333333
659,47.6542466666667,-122.091338333333
660,47.6543883333333,-122.091438333333
661,47.654525,-122.09153
662,47.6546666666667,-122.091613333333
663,47.6548116666667,-122.091713333333
664,47.65495,-122.09182
665,47.6550866666667,-122.091926666667
666,47.65522,-122.092063333333
667,47.6553533333333,-122.092201666667
668,47.65548,-122.092361666667
669,47.6556016666667,-122.09253
670,47.6557116666667,-122.092705
671,47.6558233333333,-122.09288
672,47.65593,-122.093063333333
673,47.65604,-122.093223333333
674,47.656155,-122.093391666667
675,47.65628,-122.093551666667
676,47.65641,-122.093688333333
677,47.6565483333333,-122.093811666667
678,47.6566816666667,-122.093933333333
679,47.6568216666667,-122.094031666667
680,47.6569716666667,-122.094116666667
681,47.6571166666667,-122.094193333333
682,47.657265,-122.094276666667
683,47.6574066666667,-122.09436
684,47.65755,-122.094445
685,47.657695,-122.094513333333
686,47.65784,-122.09459
687,47.657985,-122.094673333333
688,47.658135,-122.094756666667
689,47.65828,-122.094841666667
690,47.6584283333333,-122.094916666667
691,47.6585733333333,-122.094986666667
692,47.658715,-122.09507
693,47.658855,-122.095138333333
694,47.6589883333333,-122.095221666667
695,47.6591216666667,-122.095291666667
696,47.6592516666667,-122.095366666667
697,47.6593816666667,-122.095451666667
698,47.65952,-122.095535
699,47.6596566666667,-122.09562
700,47.6597983333333,-122.09571
701,47.6599383333333,-122.095818333333
702,47.6600716666667,-122.095916666667
703,47.6602133333333,-122.096023333333
704,47.66035,-122.096145
705,47.660485,-122.09626
706,47.6606183333333,-122.096381666667
707,47.6607516666667,-122.096505
708,47.6608816666667,-122.096641666667
709,47.66101,-122.096778333333
710,47.6611366666667,-122.096901666667
711,47.6612666666667,-122.097023333333
712,47.6613966666667,-122.09716
713,47.6615183333333,-122.097298333333
714,47.6616433333333,-122.097435
715,47.6617616666667,-122.097556666667
716,47.661885,-122.097695
717,47.6620033333333,-122.097816666667
718,47.66212,-122.097938333333
719,47.6622316666667,-122.09806
720,47.6623466666667,-122.098183333333
721,47.66246,-122.098305
722,47.662575,-122.098426666667
723,47.662685,-122.098556666667
724,47.6627966666667,-122.098663333333
725,47.6629066666667,-122.098785
726,47.6630216666667,-122.098906666667
727,47.6631316666667,-122.099015
728,47.6632416666667,-122.099143333333
729,47.6633533333333,-122.09925
730,47.6634666666667,-122.099358333333
731,47.66359,-122.099456666667
732,47.6637116666667,-122.099525
733,47.66383,-122.099593333333
734,47.6639483333333,-122.099631666667
735,47.664055,-122.099663333333
736,47.6641583333333,-122.09967
737,47.66425,-122.099701666667
738,47.6643366666667,-122.099716666667
739,47.6644216666667,-122.099738333333
740,47.6645016666667,-122.099755
741,47.6645733333333,-122.09977
742,47.6646416666667,-122.099785
743,47.6647,-122.099791666667
744,47.6647416666667,-122.099808333333
745,47.6647716666667,-122.099808333333
746,47.6647916666667,-122.099823333333
747,47.664795,-122.099823333333
748,47.6647983333333,-122.099823333333
749,47.6647983333333,-122.099823333333
750,47.6647983333333,-122.099823333333
751,47.6647983333333,-122.099823333333
752,47.664795,-122.099808333333
753,47.664795,-122.099808333333
754,47.664795,-122.099808333333
755,47.664795,-122.099808333333
756,47.664795,-122.099808333333
757,47.664795,-122.099808333333
758,47.664795,-122.099808333333
759,47.664795,-122.099808333333
760,47.664795,-122.099808333333
761,47.664795,-122.099808333333
762,47.6647916666667,-122.099808333333
763,47.6647916666667,-122.099808333333
764,47.6647916666667,-122.099791666667
765,47.6647916666667,-122.099791666667
766,47.6647916666667,-122.099791666667
767,47.6647916666667,-122.099791666667
768,47.6647866666667,-122.099791666667
769,47.6647866666667,-122.099791666667
770,47.6647866666667,-122.099791666667
771,47.664795,-122.099791666667
772,47.6648133333333,-122.099808333333
773,47.6648566666667,-122.099808333333
774,47.664905,-122.099823333333
775,47.6649666666667,-122.099853333333
776,47.6650283333333,-122.099861666667
777,47.6651033333333,-122.099876666667
778,47.6651883333333,-122.099906666667
779,47.6652833333333,-122.09993
780,47.6653816666667,-122.099945
781,47.665485,-122.09996
782,47.6655916666667,-122.099991666667
783,47.6657066666667,-122.099998333333
784,47.6658216666667,-122.100013333333
785,47.665935,-122.100045
786,47.6660383333333,-122.100081666667
787,47.6661383333333,-122.100135
788,47.6662333333333,-122.10022
789,47.666325,-122.100303333333
790,47.6664083333333,-122.100395
791,47.6664883333333,-122.100478333333
792,47.6665683333333,-122.100563333333
793,47.6666483333333,-122.10064
794,47.6667283333333,-122.100738333333
795,47.666805,-122.100821666667
796,47.6668783333333,-122.100891666667
797,47.6669466666667,-122.100966666667
798,47.6670116666667,-122.101036666667
799,47.6670716666667,-122.10112
800,47.667125,-122.101173333333
801,47.6671716666667,-122.101226666667
802,47.667205,-122.101273333333
803,47.6672333333333,-122.10131
804,47.6672433333333,-122.101326666667
805,47.667255,-122.101341666667
806,47.6672633333333,-122.101356666667
807,47.6672783333333,-122.101363333333
808,47.667305,-122.10141
809,47.66734,-122.101448333333
810,47.6673883333333,-122.101516666667
811,47.6674383333333,-122.101585
812,47.6675033333333,-122.10167
813,47.667565,-122.101753333333
814,47.6676216666667,-122.101845
815,47.6676833333333,-122.101928333333
816,47.6677516666667,-122.102035
817,47.6678316666667,-122.102141666667
818,47.6679266666667,-122.102271666667
819,47.6680183333333,-122.102401666667
820,47.6681066666667,-122.102538333333
821,47.6681933333333,-122.102691666667
822,47.668285,-122.10286
823,47.6683733333333,-122.103035
824,47.6684616666667,-122.103195
825,47.6685483333333,-122.103378333333
826,47.6686366666667,-122.103568333333
827,47.66872,-122.10376
828,47.668805,-122.10395
829,47.66888,-122.104156666667
830,47.668965,-122.104346666667
831,47.669045,-122.104538333333
832,47.66914,-122.104713333333
833,47.66925,-122.104881666667
834,47.6693766666667,-122.105011666667
835,47.6695216666667,-122.105125
836,47.66967,-122.10521
837,47.6698233333333,-122.105301666667
838,47.6699783333333,-122.1054
839,47.6701283333333,-122.105491666667
840,47.67028,-122.105575
841,47.6704333333333,-122.105666666667
842,47.6705816666667,-122.105766666667
843,47.670715,-122.105888333333
844,47.6708266666667,-122.106056666667
845,47.6709133333333,-122.106231666667
846,47.6709716666667,-122.106438333333
847,47.6710083333333,-122.106651666667
848,47.671025,-122.106873333333
849,47.670975,-122.107078333333
850,47.670895,-122.107291666667
851,47.6707916666667,-122.107475
852,47.67065,-122.107613333333
853,47.6704983333333,-122.10772
854,47.6703383333333,-122.107826666667
855,47.6701766666667,-122.107925
856,47.6700216666667,-122.108016666667
857,47.6698566666667,-122.108116666667
858,47.6696966666667,-122.108223333333
859,47.6695333333333,-122.108321666667
860,47.6693616666667,-122.108428333333
861,47.669185,-122.108535
862,47.6690066666667,-122.108665
863,47.668835,-122.108795
864,47.6686666666667,-122.108948333333
865,47.66851,-122.109138333333
866,47.6683583333333,-122.10936
867,47.6682166666667,-122.109603333333
868,47.66808,-122.109863333333
869,47.6679533333333,-122.110153333333
870,47.6678316666667,-122.110435
871,47.6677283333333,-122.110748333333
872,47.6676333333333,-122.111068333333
873,47.667545,-122.111381666667
874,47.6674683333333,-122.111725
875,47.6674083333333,-122.11206
876,47.6673616666667,-122.112418333333
877,47.6673283333333,-122.11277
878,47.667305,-122.113143333333
879,47.6672933333333,-122.113495
880,47.66729,-122.113868333333
881,47.66729,-122.114205
882,47.66729,-122.114563333333
883,47.6672933333333,-122.114921666667
884,47.6672966666667,-122.115273333333
885,47.6672966666667,-122.115631666667
886,47.6672933333333,-122.115981666667
887,47.66729,-122.11634
888,47.6672866666667,-122.116706666667
889,47.6672866666667,-122.117065
890,47.6672866666667,-122.117416666667
891,47.66729,-122.11779
892,47.6672933333333,-122.118156666667
893,47.6672966666667,-122.118523333333
894,47.6673016666667,-122.118896666667
895,47.667305,-122.119246666667
896,47.6673083333333,-122.119606666667
897,47.6673133333333,-122.119956666667
898,47.6673166666667,-122.120315
899,47.66732,-122.120658333333
900,47.6673233333333,-122.120995
901,47.6673283333333,-122.121338333333
902,47.6673316666667,-122.121681666667
903,47.667335,-122.122025
904,47.667335,-122.12236
905,47.66734,-122.122718333333
906,47.66734,-122.123061666667
907,47.66734,-122.123413333333
908,47.66734,-122.123756666667
909,47.66734,-122.124115
910,47.66734,-122.12445
911,47.667335,-122.12481
912,47.667335,-122.12516
913,47.6673316666667,-122.125518333333
914,47.6673233333333,-122.125876666667
915,47.6673083333333,-122.126243333333
916,47.6672866666667,-122.126595
917,47.6672516666667,-122.126953333333
918,47.66721,-122.127296666667
919,47.6671566666667,-122.12764
920,47.667095,-122.127975
921,47.6670266666667,-122.128303333333
922,47.66695,-122.128631666667
923,47.66687,-122.12896
924,47.6667783333333,-122.129271666667
925,47.666675,-122.129593333333
926,47.666565,-122.129905
927,47.6664466666667,-122.130218333333
928,47.66632,-122.130516666667
929,47.6661833333333,-122.130821666667
930,47.6660383333333,-122.131103333333
931,47.6658866666667,-122.131393333333
932,47.665725,-122.131668333333
933,47.66555,-122.131926666667
934,47.665375,-122.132186666667
935,47.6651916666667,-122.132431666667
936,47.665005,-122.13266
937,47.6648066666667,-122.132896666667
938,47.664605,-122.133101666667
939,47.6643983333333,-122.133308333333
940,47.66418,-122.133498333333
941,47.66396,-122.133675
942,47.66373,-122.133835
943,47.6634983333333,-122.133986666667
944,47.6632616666667,-122.134125
945,47.663025,-122.134246666667
946,47.662785,-122.134383333333
947,47.6625483333333,-122.134506666667
948,47.6623116666667,-122.134628333333
949,47.662075,-122.13475
950,47.661835,-122.134871666667
951,47.661595,-122.135001666667
952,47.66135,-122.135131666667
953,47.6611066666667,-122.135261666667
954,47.6608616666667,-122.135383333333
955,47.6606216666667,-122.135505
956,47.66037,-122.135628333333
957,47.660125,-122.13575
958,47.6598816666667,-122.135886666667
959,47.6596416666667,-122.13601
960,47.6593933333333,-122.136146666667
961,47.65915,-122.136268333333
962,47.6589016666667,-122.136406666667
963,47.6586566666667,-122.136528333333
964,47.6584083333333,-122.136665
965,47.658165,-122.136786666667
966,47.6579166666667,-122.136925
967,47.6576683333333,-122.137046666667
968,47.657425,-122.137168333333
969,47.65717,-122.137291666667
970,47.6569216666667,-122.137405
971,47.656665,-122.137511666667
972,47.65641,-122.137611666667
973,47.65615,-122.137688333333
974,47.6558883333333,-122.137771666667
975,47.655625,-122.137825
976,47.6553566666667,-122.137878333333
977,47.65509,-122.13794
978,47.65482,-122.137978333333
979,47.6545566666667,-122.138
980,47.6542733333333,-122.138
981,47.653995,-122.138
982,47.6537283333333,-122.138
983,47.6534616666667,-122.138
984,47.6532066666667,-122.137978333333
985,47.6529533333333,-122.137946666667
986,47.6527016666667,-122.137908333333
987,47.6524583333333,-122.13787
988,47.65221,-122.13781
989,47.6519666666667,-122.137756666667
990,47.6517216666667,-122.137688333333
991,47.6514816666667,-122.137611666667
992,47.6512366666667,-122.137526666667
993,47.6509966666667,-122.137428333333
994,47.6507566666667,-122.137336666667
995,47.6505166666667,-122.137221666667
996,47.65028,-122.137115
997,47.65004,-122.137008333333
998,47.6498,-122.136886666667
999,47.6495633333333,-122.136771666667
1000,47.6493233333333,-122.136665
1001,47.6490816666667,-122.136543333333
1002,47.648845,-122.136436666667
1003,47.6486083333333,-122.136321666667
1004,47.6483683333333,-122.1362
1005,47.6481366666667,-122.136093333333
1006,47.6479,-122.135978333333
1007,47.64766,-122.135856666667
1008,47.6474183333333,-122.13575
1009,47.6471816666667,-122.135643333333
1010,47.6469416666667,-122.135528333333
1011,47.6467016666667,-122.135406666667
1012,47.646465,-122.1353
1013,47.6462216666667,-122.135178333333
1014,47.645985,-122.13507
1015,47.645745,-122.134941666667
1016,47.6455083333333,-122.134835
1017,47.6452666666667,-122.134743333333
1018,47.6450233333333,-122.134643333333
1019,47.64478,-122.134575
1020,47.6445316666667,-122.134506666667
1021,47.6442833333333,-122.134453333333
1022,47.6440316666667,-122.134415
1023,47.6437833333333,-122.134383333333
1024,47.643535,-122.134353333333
1025,47.64328,-122.134346666667
1026,47.6430316666667,-122.134353333333
1027,47.64278,-122.134368333333
1028,47.6425316666667,-122.1344
1029,47.642285,-122.134421666667
1030,47.64204,-122.134483333333
1031,47.6417916666667,-122.134536666667
1032,47.6415483333333,-122.134605
1033,47.6413033333333,-122.134681666667
1034,47.6410633333333,-122.134781666667
1035,47.6408266666667,-122.134888333333
1036,47.6405866666667,-122.13501
1037,47.6403533333333,-122.135131666667
1038,47.6401216666667,-122.135268333333
1039,47.6398933333333,-122.135421666667
1040,47.6396683333333,-122.13559
1041,47.6394383333333,-122.13575
1042,47.6392066666667,-122.135918333333
1043,47.6389883333333,-122.136093333333
1044,47.6387783333333,-122.136283333333
1045,47.6385766666667,-122.136505
1046,47.638375,-122.136703333333
1047,47.63818,-122.13694
1048,47.6379883333333,-122.137168333333
1049,47.6378016666667,-122.13742
1050,47.6376183333333,-122.137665
1051,47.6374433333333,-122.137925
1052,47.6372716666667,-122.138198333333
1053,47.6371033333333,-122.138466666667
1054,47.63694,-122.138755
1055,47.63678,-122.13903
1056,47.63662,-122.139313333333
1057,47.63646,-122.139603333333
1058,47.6363033333333,-122.139893333333
1059,47.6361383333333,-122.14016
1060,47.6359783333333,-122.14045
1061,47.6358183333333,-122.14074
1062,47.6356583333333,-122.141006666667
1063,47.6354983333333,-122.141296666667
1064,47.6353333333333,-122.141586666667
1065,47.6351733333333,-122.141868333333
1066,47.63501,-122.142158333333
1067,47.634845,-122.14244
1068,47.634685,-122.14273
1069,47.6345216666667,-122.143005
1070,47.634365,-122.143288333333
1071,47.6342083333333,-122.143578333333
1072,47.6340483333333,-122.143866666667
1073,47.633885,-122.14415
1074,47.633725,-122.14444
1075,47.63356,-122.144721666667
1076,47.6333966666667,-122.144996666667
1077,47.6332366666667,-122.145286666667
1078,47.6330716666667,-122.145568333333
1079,47.6329116666667,-122.145858333333
1080,47.6327483333333,-122.146133333333
1081,47.6325866666667,-122.146415
1082,47.6324233333333,-122.146705
1083,47.6322633333333,-122.146995
1084,47.6320983333333,-122.147263333333
1085,47.6319383333333,-122.147551666667
1086,47.6317783333333,-122.147826666667
1087,47.6316183333333,-122.14811
1088,47.6314583333333,-122.1484
1089,47.6312983333333,-122.14869
1090,47.631145,-122.148971666667
1091,47.6309966666667,-122.149276666667
1092,47.630855,-122.14959
1093,47.6307183333333,-122.149901666667
1094,47.6305883333333,-122.15023
1095,47.6304666666667,-122.150573333333
1096,47.6303483333333,-122.150901666667
1097,47.6302383333333,-122.151253333333
1098,47.6301383333333,-122.151611666667
1099,47.6300433333333,-122.151961666667
1100,47.629955,-122.152321666667
1101,47.629875,-122.152686666667
1102,47.6298033333333,-122.153045
1103,47.6297416666667,-122.153426666667
1104,47.629685,-122.153793333333
1105,47.629635,-122.154166666667
1106,47.6295883333333,-122.154548333333
1107,47.6295583333333,-122.15493
1108,47.629535,-122.155311666667
1109,47.62952,-122.155693333333
1110,47.6295133333333,-122.156066666667
1111,47.6295133333333,-122.156448333333
1112,47.62952,-122.15683
1113,47.629535,-122.157211666667
1114,47.6295583333333,-122.157578333333
1115,47.6295933333333,-122.157958333333
1116,47.6296316666667,-122.158333333333
1117,47.6296733333333,-122.158698333333
1118,47.629715,-122.159065
1119,47.62975,-122.159438333333
1120,47.6297916666667,-122.15979
1121,47.62983,-122.160163333333
1122,47.6298683333333,-122.16053
1123,47.62991,-122.160888333333
1124,47.6299433333333,-122.161255
1125,47.629985,-122.161621666667
1126,47.6300233333333,-122.16198
1127,47.6300616666667,-122.162346666667
1128,47.6301033333333,-122.162705
1129,47.6301416666667,-122.163055
1130,47.6301733333333,-122.16343
1131,47.6302066666667,-122.16378
1132,47.6302216666667,-122.164146666667
1133,47.63023,-122.16452
1134,47.6302216666667,-122.164871666667
1135,47.6302066666667,-122.165245
1136,47.630185,-122.165596666667
1137,47.6301616666667,-122.165955
1138,47.630135,-122.166298333333
1139,47.6301083333333,-122.166633333333
1140,47.6300766666667,-122.166991666667
1141,47.630055,-122.167335
1142,47.6300283333333,-122.167671666667
1143,47.6300016666667,-122.16803
1144,47.6299783333333,-122.168373333333
1145,47.6299583333333,-122.168723333333
1146,47.6299516666667,-122.169066666667
1147,47.6299516666667,-122.16941
1148,47.6299633333333,-122.169761666667
1149,47.6299816666667,-122.170105
1150,47.6300133333333,-122.170448333333
1151,47.630055,-122.170776666667
1152,47.6301083333333,-122.171105
1153,47.630165,-122.171431666667
1154,47.6302266666667,-122.17173
1155,47.630295,-122.172035
1156,47.6303633333333,-122.172318333333
1157,47.6304316666667,-122.172623333333
1158,47.6304966666667,-122.172905
1159,47.630565,-122.173195
1160,47.63063,-122.17347
1161,47.630695,-122.173751666667
1162,47.6307633333333,-122.174026666667
1163,47.6308283333333,-122.174316666667
1164,47.63089,-122.174583333333
1165,47.6309583333333,-122.174858333333
1166,47.6310316666667,-122.175148333333
1167,47.6311066666667,-122.17543
1168,47.6311833333333,-122.175735
1169,47.6312633333333,-122.176033333333
1170,47.6313366666667,-122.176323333333
1171,47.6314083333333,-122.17662
1172,47.6314766666667,-122.176925
1173,47.6315466666667,-122.177208333333
1174,47.631615,-122.177498333333
1175,47.63168,-122.17778
1176,47.6317483333333,-122.178085
1177,47.6318166666667,-122.178383333333
1178,47.6318816666667,-122.178688333333
1179,47.6319383333333,-122.179001666667
1180,47.6319966666667,-122.179298333333
1181,47.6320416666667,-122.179611666667
1182,47.6320833333333,-122.17994
1183,47.6321216666667,-122.180266666667
1184,47.6321566666667,-122.180595
1185,47.63218,-122.180923333333
1186,47.6321983333333,-122.181266666667
1187,47.6322133333333,-122.181595
1188,47.6322166666667,-122.181908333333
1189,47.6322133333333,-122.182213333333
1190,47.6322066666667,-122.18248
1191,47.6321983333333,-122.182755
1192,47.63219,-122.183013333333
1193,47.63218,-122.183258333333
1194,47.6321716666667,-122.18351
1195,47.6321633333333,-122.183738333333
1196,47.6321566666667,-122.183975
1197,47.6321483333333,-122.184188333333
1198,47.6321416666667,-122.18441
1199,47.6321333333333,-122.184623333333
1200,47.6321266666667,-122.18486
1201,47.6321183333333,-122.185081666667
1202,47.63211,-122.18531
1203,47.6321066666667,-122.185531666667
1204,47.6321066666667,-122.18576
1205,47.632115,-122.185981666667
1206,47.6321266666667,-122.186195
1207,47.6321416666667,-122.186431666667
1208,47.6321633333333,-122.186645
1209,47.632195,-122.186866666667
1210,47.632225,-122.187073333333
1211,47.6322633333333,-122.187293333333
1212,47.6323083333333,-122.187485
1213,47.6323516666667,-122.187675
1214,47.6323933333333,-122.187851666667
1215,47.6324383333333,-122.188003333333
1216,47.6324883333333,-122.188125
1217,47.6325266666667,-122.188195
1218,47.6325766666667,-122.188248333333
1219,47.6326066666667,-122.188301666667
1220,47.6326333333333,-122.18837
1221,47.6326566666667,-122.188408333333
1222,47.6326833333333,-122.188468333333
1223,47.6327133333333,-122.188521666667
1224,47.6327483333333,-122.188591666667
1225,47.63279,-122.188683333333
1226,47.6328433333333,-122.188781666667
1227,47.6329,-122.188873333333
1228,47.6329566666667,-122.188988333333
1229,47.6330183333333,-122.18908
1230,47.633075,-122.189178333333
1231,47.6331366666667,-122.189255
1232,47.6331866666667,-122.189315
1233,47.633225,-122.189353333333
1234,47.633255,-122.189385
1235,47.6332783333333,-122.189406666667
1236,47.6332966666667,-122.189423333333
1237,47.6333083333333,-122.189438333333
1238,47.6333233333333,-122.189438333333
1239,47.633335,-122.189445
1240,47.6333466666667,-122.189445
1241,47.6333583333333,-122.189445
1242,47.63337,-122.18946
1243,47.6333766666667,-122.18946
1244,47.6334,-122.18946
1245,47.6334266666667,-122.189476666667
1246,47.6334566666667,-122.189476666667
1247,47.6334833333333,-122.18946
1248,47.6335183333333,-122.18946
1249,47.63356,-122.189445
1250,47.6335983333333,-122.189423333333
1251,47.6336483333333,-122.189385
1252,47.6336933333333,-122.189338333333
1253,47.6337316666667,-122.189285
1254,47.6337666666667,-122.189231666667
1255,47.6337933333333,-122.189178333333
1256,47.633815,-122.18911
1257,47.633835,-122.189041666667
1258,47.6338466666667,-122.188956666667
1259,47.63385,-122.188858333333
1260,47.6338466666667,-122.188766666667
1261,47.6338316666667,-122.188666666667
1262,47.6338116666667,-122.188575
1263,47.6337733333333,-122.188476666667
1264,47.6337283333333,-122.188385
1265,47.633675,-122.188316666667
1266,47.6336066666667,-122.188248333333
1267,47.63353,-122.188195
1268,47.6334416666667,-122.188141666667
1269,47.63335,-122.18811
1270,47.6332633333333,-122.18808
1271,47.6331716666667,-122.18808
1272,47.6330866666667,-122.18808
1273,47.6330066666667,-122.18808
1274,47.6329233333333,-122.188095
1275,47.632835,-122.188125
1276,47.6327483333333,-122.188141666667
1277,47.6326716666667,-122.188148333333
1278,47.6325983333333,-122.188163333333
1279,47.6325233333333,-122.188178333333
1280,47.6324533333333,-122.188195
1281,47.6323966666667,-122.188195
1282,47.632355,-122.188195
1283,47.6323283333333,-122.188195
1284,47.6323166666667,-122.188195
1285,47.632305,-122.188195
1286,47.6322933333333,-122.18821
1287,47.63226,-122.18821
1288,47.6322216666667,-122.188216666667
1289,47.6321633333333,-122.188231666667
1290,47.632095,-122.188263333333
1291,47.6320116666667,-122.188278333333
1292,47.6319233333333,-122.188301666667
1293,47.6318283333333,-122.188331666667
1294,47.6317283333333,-122.18834
1295,47.6316333333333,-122.18837
1296,47.6315416666667,-122.188385
1297,47.63145,-122.188408333333
1298,47.631355,-122.188438333333
1299,47.6312566666667,-122.188453333333
1300,47.63115,-122.188476666667
1301,47.6310416666667,-122.188506666667
1302,47.630925,-122.188521666667
1303,47.6308066666667,-122.188545
1304,47.6306833333333,-122.18856
1305,47.630565,-122.188591666667
1306,47.6304433333333,-122.188613333333
1307,47.630325,-122.188645
1308,47.630195,-122.18866
1309,47.6300583333333,-122.188683333333
1310,47.6299166666667,-122.188713333333
1311,47.6297716666667,-122.188728333333
1312,47.6296233333333,-122.188751666667
1313,47.629475,-122.188766666667
1314,47.6293183333333,-122.188796666667
1315,47.6291616666667,-122.188805
1316,47.6289983333333,-122.188835
1317,47.628845,-122.18885
1318,47.6286883333333,-122.188858333333
1319,47.628525,-122.188873333333
1320,47.6283533333333,-122.188888333333
1321,47.6281816666667,-122.188903333333
1322,47.6280016666667,-122.188918333333
1323,47.6278266666667,-122.188918333333
1324,47.6276583333333,-122.188926666667
1325,47.6274916666667,-122.188941666667
1326,47.62732,-122.188941666667
1327,47.62714,-122.188956666667
1328,47.62696,-122.188971666667
1329,47.6267733333333,-122.188988333333
1330,47.6265716666667,-122.188995
1331,47.62637,-122.188995
1332,47.6261666666667,-122.188995
1333,47.6259683333333,-122.188995
1334,47.62577,-122.188995
1335,47.6255716666667,-122.188995
1336,47.6253783333333,-122.188995
1337,47.62518,-122.188995
1338,47.624985,-122.18901
1339,47.6247933333333,-122.18901
1340,47.6246066666667,-122.18901
1341,47.62442,-122.189026666667
1342,47.6242366666667,-122.189026666667
1343,47.6240466666667,-122.189026666667
1344,47.62386,-122.189026666667
1345,47.6236683333333,-122.189026666667
1346,47.6234783333333,-122.189026666667
1347,47.6232833333333,-122.189026666667
1348,47.6230883333333,-122.189026666667
1349,47.6228866666667,-122.189026666667
1350,47.6226883333333,-122.189026666667
1351,47.6224866666667,-122.189026666667
1352,47.6222833333333,-122.189026666667
1353,47.62209,-122.189026666667
1354,47.6218866666667,-122.189026666667
1355,47.6216883333333,-122.189041666667
1356,47.6214983333333,-122.189041666667
1357,47.6213066666667,-122.189041666667
1358,47.6211083333333,-122.189056666667
1359,47.6209183333333,-122.189063333333
1360,47.6207283333333,-122.18908
1361,47.62054,-122.18908
1362,47.62035,-122.189095
1363,47.6201633333333,-122.18911
1364,47.6199766666667,-122.18911
1365,47.6197966666667,-122.189125
1366,47.6196166666667,-122.189133333333
1367,47.6194416666667,-122.189133333333
1368,47.61927,-122.189148333333
1369,47.619095,-122.189163333333
1370,47.6189233333333,-122.189201666667
1371,47.618755,-122.18927
1372,47.61861,-122.189385
1373,47.6184883333333,-122.18953
1374,47.6183883333333,-122.189696666667
1375,47.6183083333333,-122.189856666667
1376,47.618245,-122.19001
1377,47.61819,-122.190146666667
1378,47.618145,-122.190238333333
1379,47.6181,-122.190308333333
1380,47.6180683333333,-122.190361666667
1381,47.618045,-122.190376666667
1382,47.618045,-122.190391666667
1383,47.618045,-122.190391666667
1384,47.618045,-122.190391666667
1385,47.618045,-122.190391666667
1386,47.61805,-122.190391666667
1387,47.61805,-122.190391666667
1388,47.6180533333333,-122.190391666667
1389,47.6180533333333,-122.190391666667
1390,47.6180566666667,-122.190391666667
1391,47.6180566666667,-122.190391666667
1392,47.6180616666667,-122.190391666667
1393,47.6180616666667,-122.190391666667
1394,47.618065,-122.190391666667
1395,47.618065,-122.190391666667
1396,47.618065,-122.190391666667
1397,47.618065,-122.190391666667
1398,47.6180616666667,-122.190391666667
1399,47.6180533333333,-122.190406666667
1400,47.618045,-122.190406666667
1401,47.6180233333333,-122.19043
1402,47.6179916666667,-122.190445
1403,47.61795,-122.190475
1404,47.6178933333333,-122.19049
1405,47.617825,-122.19049
1406,47.61776,-122.19049
1407,47.6176866666667,-122.19049
1408,47.617615,-122.190498333333
1409,47.61753,-122.190528333333
1410,47.6174583333333,-122.190581666667
1411,47.6173933333333,-122.190666666667
1412,47.6173483333333,-122.190773333333
1413,47.6173133333333,-122.190895
1414,47.6173016666667,-122.191016666667
1415,47.6172983333333,-122.191155
1416,47.6173016666667,-122.191306666667
1417,47.617305,-122.191445
1418,47.61731,-122.191605
1419,47.617305,-122.191771666667
1420,47.6172983333333,-122.191933333333
1421,47.617295,-122.19207
1422,47.617295,-122.192238333333
1423,47.617295,-122.192383333333
1424,47.617295,-122.192535
1425,47.617295,-122.192673333333
1426,47.617295,-122.192825
1427,47.6173016666667,-122.19297
1428,47.6173016666667,-122.193123333333
1429,47.617305,-122.193275
1430,47.6173133333333,-122.193428333333
1431,47.6173166666667,-122.193573333333
1432,47.6173216666667,-122.193725
1433,47.6173216666667,-122.193885
1434,47.6173283333333,-122.194053333333
1435,47.617325,-122.194213333333
1436,47.6173283333333,-122.194396666667
1437,47.6173316666667,-122.194571666667
1438,47.6173316666667,-122.194778333333
1439,47.6173366666667,-122.19497
1440,47.61734,-122.195175
1441,47.6173433333333,-122.195366666667
1442,47.6173516666667,-122.195571666667
1443,47.6173583333333,-122.19577
1444,47.6173666666667,-122.195968333333
1445,47.6173783333333,-122.196166666667
1446,47.6174016666667,-122.196388333333
1447,47.6174233333333,-122.19661
1448,47.61744,-122.196823333333
1449,47.61744,-122.197013333333
1450,47.617455,-122.197235
1451,47.6174616666667,-122.197441666667
1452,47.6174666666667,-122.197661666667
1453,47.61747,-122.19786
1454,47.61747,-122.198066666667
1455,47.6174733333333,-122.198273333333
1456,47.6174766666667,-122.198493333333
1457,47.6174766666667,-122.198708333333
1458,47.6174816666667,-122.198913333333
1459,47.6174816666667,-122.199105
1460,47.6174883333333,-122.19931
1461,47.6175083333333,-122.199501666667
1462,47.617515,-122.199706666667
1463,47.6175033333333,-122.199883333333
1464,47.6174933333333,-122.200073333333
1465,47.6174816666667,-122.20028
1466,47.6174616666667,-122.200461666667
1467,47.617435,-122.200606666667
1468,47.6174283333333,-122.20079
1469,47.61742,-122.200928333333
1470,47.61742,-122.20105
1471,47.61742,-122.201141666667
1472,47.6174233333333,-122.201225
1473,47.6174166666667,-122.201263333333
1474,47.6174233333333,-122.201293333333
1475,47.6174083333333,-122.201331666667
1476,47.6173966666667,-122.201363333333
1477,47.6173933333333,-122.201378333333
1478,47.61739,-122.201363333333
1479,47.6173816666667,-122.201346666667
1480,47.617375,-122.201346666667
1481,47.6173633333333,-122.201331666667
1482,47.6173583333333,-122.201331666667
1483,47.6173516666667,-122.201331666667
1484,47.61734,-122.201316666667
1485,47.6173283333333,-122.201316666667
1486,47.6173216666667,-122.201316666667
1487,47.6173216666667,-122.201316666667
1488,47.6173166666667,-122.20131
1489,47.6173133333333,-122.20131
1490,47.6173133333333,-122.20131
1491,47.6173133333333,-122.20131
1492,47.6173133333333,-122.20131
1493,47.6173133333333,-122.20131
1494,47.6173133333333,-122.20131
1495,47.61731,-122.20131
1496,47.61731,-122.20131
1497,47.61731,-122.20131
1498,47.61731,-122.20131
1499,47.61731,-122.20131
1500,47.61731,-122.20131
1501,47.61731,-122.20131
1502,47.617305,-122.20131
1503,47.617305,-122.20131
1504,47.6173016666667,-122.20131
1505,47.617305,-122.20131
1506,47.617305,-122.20131
1507,47.61731,-122.201316666667
1508,47.6173133333333,-122.201316666667
1509,47.6173133333333,-122.201316666667
1510,47.61731,-122.201316666667
1511,47.61731,-122.201316666667
1512,47.61731,-122.201316666667
1513,47.6173283333333,-122.201331666667
1514,47.6173366666667,-122.201346666667
1515,47.6173483333333,-122.201346666667
1516,47.617355,-122.201346666667
1517,47.6173583333333,-122.201346666667
1518,47.6173583333333,-122.201346666667
1519,47.6173583333333,-122.201346666667
1520,47.6173583333333,-122.201331666667
1521,47.6173583333333,-122.201331666667
1522,47.6173583333333,-122.201331666667
1523,47.6173583333333,-122.201331666667
1524,47.6173583333333,-122.201316666667
1525,47.6173583333333,-122.201316666667
1526,47.617355,-122.201316666667
1527,47.617355,-122.201316666667
1528,47.617355,-122.20131
1529,47.6173516666667,-122.20131
1530,47.6173516666667,-122.20131
1531,47.6173483333333,-122.20131
1532,47.6173483333333,-122.201293333333
1533,47.6173483333333,-122.201293333333
1534,47.6173433333333,-122.201293333333
1535,47.6173433333333,-122.201278333333
1536,47.6173433333333,-122.201278333333
1537,47.61734,-122.201278333333
1538,47.61734,-122.201278333333
1539,47.61734,-122.201263333333
1540,47.61734,-122.201263333333
1541,47.61734,-122.201263333333
1542,47.6173366666667,-122.201248333333
1543,47.6173366666667,-122.201248333333
1544,47.6173366666667,-122.201248333333
1545,47.6173366666667,-122.20124
1546,47.6173366666667,-122.20124
1547,47.6173366666667,-122.20124
1548,47.6173366666667,-122.201248333333
1549,47.6173366666667,-122.201278333333
1550,47.6173316666667,-122.201316666667
1551,47.6173216666667,-122.201378333333
1552,47.6172983333333,-122.201446666667
1553,47.6172633333333,-122.201508333333
1554,47.6172183333333,-122.201553333333
1555,47.61716,-122.201568333333
1556,47.6170966666667,-122.201568333333
1557,47.6170266666667,-122.201568333333
1558,47.6169616666667,-122.201568333333
1559,47.6168933333333,-122.201553333333
1560,47.6168166666667,-122.201538333333
1561,47.6167416666667,-122.201523333333
1562,47.6166733333333,-122.2015
1563,47.6166033333333,-122.2015
1564,47.6165233333333,-122.201523333333
1565,47.616455,-122.201538333333