0,47.66956,-122.136025
1,47.66949,-122.135978333333
2,47.6694216666667,-122.135955
3,47.66935,-122.135955
4,47.6692816666667,-122.135955
5,47.6692233333333,-122.135978333333
6,47.6691783333333,-122.13604
7,47.669155,-122.136108333333
8,47.6691433333333,-122.136185
9,47.6691433333333,-122.136268333333
10,47.6691433333333,-122.136375
11,47.66914,-122.13649
12,47.6691366666667,-122.136596666667
13,47.6691316666667,-122.136733333333
14,47.669125,-122.136856666667
15,47.6691166666667,-122.136993333333
16,47.66911,-122.137146666667
17,47.6691016666667,-122.137268333333
18,47.6690983333333,-122.13739
19,47.6690983333333,-122.137496666667
20,47.6690983333333,-122.137581666667
21,47.6690983333333,-122.137635
22,47.6690933333333,-122.13768
23,47.66909,-122.137688333333
24,47.6690833333333,-122.137718333333
25,47.6690666666667,-122.137741666667
26,47.6690333333333,-122.137771666667
27,47.668975,-122.137801666667
28,47.6689066666667,-122.13781
29,47.6688316666667,-122.137825
30,47.6687433333333,-122.137825
31,47.6686483333333,-122.13784
32,47.6685483333333,-122.13784
33,47.6684533333333,-122.13784
34,47.6683616666667,-122.13784
35,47.66827,-122.137855
36,47.6681816666667,-122.137855
37,47.6681016666667,-122.137855
38,47.6680333333333,-122.137855
39,47.66798,-122.137855
40,47.6679466666667,-122.137855
41,47.6679266666667,-122.137855
42,47.6679266666667,-122.137855
43,47.6679233333333,-122.137855
44,47.6679233333333,-122.137855
45,47.6679233333333,-122.137855
46,47.6679233333333,-122.137855
47,47.6679183333333,-122.137855
48,47.6679183333333,-122.137855
49,47.6679183333333,-122.137855
50,47.6679183333333,-122.137855
51,47.6679183333333,-122.137855
52,47.667915,-122.137855
53,47.667915,-122.137855
54,47.667915,-122.137855
55,47.667915,-122.137855
56,47.6679116666667,-122.137855
57,47.6679083333333,-122.137855
58,47.6678916666667,-122.13787
59,47.6678733333333,-122.137908333333
60,47.6678616666667,-122.137978333333
61,47.6678616666667,-122.138068333333
62,47.6678616666667,-122.138198333333
63,47.6678616666667,-122.138328333333
64,47.6678616666667,-122.138481666667
65,47.6678616666667,-122.138648333333
66,47.6678616666667,-122.13881
67,47.6678616666667,-122.138985
68,47.6678616666667,-122.139168333333
69,47.6678616666667,-122.139358333333
70,47.6678616666667,-122.13955
71,47.66787,-122.139755
72,47.6678733333333,-122.139968333333
73,47.6678766666667,-122.140175
74,47.6678816666667,-122.140381666667
75,47.6678816666667,-122.140586666667
76,47.667885,-122.140778333333
77,47.667885,-122.140968333333
78,47.6678883333333,-122.141158333333
79,47.6678916666667,-122.14135
80,47.6678916666667,-122.14154
81,47.6678916666667,-122.141731666667
82,47.6678916666667,-122.141915
83,47.6678966666667,-122.142075
84,47.6679,-122.142241666667
85,47.6679033333333,-122.142371666667
86,47.6679083333333,-122.142501666667
87,47.6679083333333,-122.142593333333
88,47.6679116666667,-122.142661666667
89,47.6679116666667,-122.142715
90,47.6679116666667,-122.142761666667
91,47.6679116666667,-122.142768333333
92,47.6679116666667,-122.142783333333
93,47.6679116666667,-122.1428
94,47.6679116666667,-122.1428
95,47.6679083333333,-122.1428
96,47.6679083333333,-122.1428
97,47.6679083333333,-122.1428
98,47.6679033333333,-122.1428
99,47.6679033333333,-122.1428
100,47.6679033333333,-122.142783333333
101,47.6679,-122.142783333333
102,47.6679,-122.142783333333
103,47.6679,-122.142783333333
104,47.6679,-122.142783333333
105,47.6679,-122.142783333333
106,47.6678966666667,-122.142783333333
107,47.6678966666667,-122.142783333333
108,47.6678966666667,-122.142783333333
109,47.6678966666667,-122.142783333333
110,47.6678966666667,-122.142783333333
111,47.6678966666667,-122.142783333333
112,47.6678966666667,-122.142783333333
113,47.6678966666667,-122.142783333333
114,47.6678966666667,-122.142783333333
115,47.6678966666667,-122.142783333333
116,47.6678916666667,-122.142783333333
117,47.6678916666667,-122.142783333333
118,47.6678916666667,-122.142783333333
119,47.6678916666667,-122.142783333333
120,47.6678916666667,-122.142783333333
121,47.6678916666667,-122.142783333333
122,47.6678916666667,-122.142783333333
123,47.6678916666667,-122.142783333333
124,47.6678916666667,-122.142783333333
125,47.6678916666667,-122.142783333333
126,47.6678916666667,-122.142783333333
127,47.6678916666667,-122.142783333333
128,47.6678916666667,-122.142783333333
129,47.6678916666667,-122.142783333333
130,47.6678916666667,-122.142783333333
131,47.6678916666667,-122.142783333333
132,47.6678916666667,-122.142783333333
133,47.6678916666667,-122.142783333333
134,47.6678916666667,-122.142783333333
135,47.6678916666667,-122.142783333333
136,47.6678916666667,-122.142783333333
137,47.6678966666667,-122.142783333333
138,47.6678966666667,-122.142783333333
139,47.6678966666667,-122.142783333333
140,47.6678966666667,-122.142783333333
141,47.6678966666667,-122.142783333333
142,47.6678966666667,-122.142783333333
143,47.6679,-122.142783333333
144,47.6679,-122.142783333333
145,47.6679,-122.142783333333
146,47.6679,-122.142783333333
147,47.6679,-122.14283
148,47.6679,-122.142883333333
149,47.6678916666667,-122.14296
150,47.6678766666667,-122.143043333333
151,47.66785,-122.143158333333
152,47.6678166666667,-122.14328
153,47.6677783333333,-122.143401666667
154,47.6677283333333,-122.14354
155,47.667675,-122.143661666667
156,47.66761,-122.143783333333
157,47.6675333333333,-122.143905
158,47.6674583333333,-122.144011666667
159,47.6673816666667,-122.144126666667
160,47.667305,-122.144233333333
161,47.66724,-122.144355
162,47.6671783333333,-122.144478333333
163,47.66713,-122.144615
164,47.6670916666667,-122.144768333333
165,47.6670616666667,-122.144913333333
166,47.6670383333333,-122.14508
167,47.6670266666667,-122.14524
168,47.667015,-122.145408333333
169,47.6670033333333,-122.145561666667
170,47.666985,-122.145706666667
171,47.666965,-122.145858333333
172,47.6669383333333,-122.146011666667
173,47.666905,-122.146171666667
174,47.6668666666667,-122.14634
175,47.666825,-122.1465
176,47.6667816666667,-122.146675
177,47.66674,-122.146873333333
178,47.6666983333333,-122.147048333333
179,47.6666533333333,-122.14724
180,47.666615,-122.14743
181,47.6665766666667,-122.147621666667
182,47.6665416666667,-122.147811666667
183,47.6665083333333,-122.148018333333
184,47.6664766666667,-122.148208333333
185,47.6664466666667,-122.148415
186,47.6664116666667,-122.148605
187,47.6663816666667,-122.148811666667
188,47.6663516666667,-122.149001666667
189,47.66632,-122.149208333333
190,47.66629,-122.149398333333
191,47.6662566666667,-122.149605
192,47.666225,-122.149803333333
193,47.666195,-122.150008333333
194,47.666165,-122.150215
195,47.6661383333333,-122.150421666667
196,47.6661183333333,-122.150626666667
197,47.6661033333333,-122.150833333333
198,47.666095,-122.151038333333
199,47.66608,-122.151236666667
200,47.6660683333333,-122.151436666667
201,47.666065,-122.151611666667
202,47.6660583333333,-122.151786666667
203,47.6660533333333,-122.151955
204,47.6660583333333,-122.1521
205,47.666065,-122.152251666667
206,47.6660683333333,-122.152405
207,47.66608,-122.152526666667
208,47.6660916666667,-122.152633333333
209,47.6661,-122.15274
210,47.6661116666667,-122.152808333333
211,47.6661183333333,-122.152878333333
212,47.66613,-122.152938333333
213,47.6661333333333,-122.153
214,47.666145,-122.153098333333
215,47.6661566666667,-122.153206666667
216,47.6661716666667,-122.153328333333
217,47.6661916666667,-122.15348
218,47.6662133333333,-122.153633333333
219,47.66624,-122.153808333333
220,47.6662783333333,-122.153976666667
221,47.6663366666667,-122.154136666667
222,47.6664083333333,-122.15429
223,47.6664916666667,-122.154435
224,47.6665733333333,-122.154586666667
225,47.6666533333333,-122.154723333333
226,47.6667366666667,-122.154876666667
227,47.6668166666667,-122.155013333333
228,47.6669,-122.155151666667
229,47.6669733333333,-122.155281666667
230,47.6670383333333,-122.155433333333
231,47.6670916666667,-122.155601666667
232,47.667145,-122.155761666667
233,47.6671833333333,-122.155936666667
234,47.6672133333333,-122.15612
235,47.6672283333333,-122.156311666667
236,47.6672333333333,-122.156516666667
237,47.667225,-122.156708333333
238,47.66721,-122.156913333333
239,47.6671866666667,-122.157111666667
240,47.6671716666667,-122.157318333333
241,47.6671483333333,-122.15754
242,47.66713,-122.157745
243,47.66711,-122.157958333333
244,47.6671033333333,-122.15815
245,47.6670883333333,-122.158355
246,47.6670716666667,-122.158561666667
247,47.6670533333333,-122.158783333333
248,47.6670383333333,-122.158988333333
249,47.667015,-122.159195
250,47.667,-122.159385
251,47.66698,-122.159576666667
252,47.6669583333333,-122.159751666667
253,47.6669233333333,-122.159911666667
254,47.6668783333333,-122.16008
255,47.66682,-122.16024
256,47.6667633333333,-122.160393333333
257,47.66671,-122.16056
258,47.66666,-122.16072
259,47.66663,-122.160888333333
260,47.666615,-122.161063333333
261,47.66661,-122.16124
262,47.66661,-122.161415
263,47.66661,-122.161606666667
264,47.666615,-122.161788333333
265,47.666615,-122.161948333333
266,47.666615,-122.162131666667
267,47.6666183333333,-122.162291666667
268,47.6666183333333,-122.162453333333
269,47.6666216666667,-122.162635
270,47.6666216666667,-122.162796666667
271,47.6666216666667,-122.162963333333
272,47.6666216666667,-122.163123333333
273,47.6666216666667,-122.1633
274,47.66663,-122.163466666667
275,47.666645,-122.163628333333
276,47.6666683333333,-122.163795
277,47.6666983333333,-122.163948333333
278,47.6667366666667,-122.164093333333
279,47.6667783333333,-122.164215
280,47.666825,-122.164345
281,47.66687,-122.164451666667
282,47.6669166666667,-122.164543333333
283,47.66697,-122.164658333333
284,47.667015,-122.164765
285,47.6670533333333,-122.164871666667
286,47.66708,-122.16497
287,47.6671033333333,-122.165038333333
288,47.6671216666667,-122.165123333333
289,47.667145,-122.165215
290,47.6671716666667,-122.165321666667
291,47.6672016666667,-122.165458333333
292,47.6672333333333,-122.165611666667
293,47.6672666666667,-122.165778333333
294,47.6673016666667,-122.165923333333
295,47.6673283333333,-122.166076666667
296,47.6673583333333,-122.16623
297,47.667385,-122.166351666667
298,47.6674083333333,-122.166458333333
299,47.6674316666667,-122.166565
300,47.6674533333333,-122.16668
301,47.6674733333333,-122.166801666667
302,47.6675,-122.166923333333
303,47.6675266666667,-122.167061666667
304,47.6675566666667,-122.167213333333
305,47.6675866666667,-122.167358333333
306,47.6676183333333,-122.167511666667
307,47.6676483333333,-122.167663333333
308,47.6676833333333,-122.167808333333
309,47.6677166666667,-122.167961666667
310,47.6677516666667,-122.168128333333
311,47.667785,-122.16829
312,47.66782,-122.168465
313,47.667855,-122.168648333333
314,47.6678916666667,-122.168838333333
315,47.6679266666667,-122.169013333333
316,47.6679683333333,-122.169205
317,47.6680066666667,-122.169395
318,47.668045,-122.169571666667
319,47.66808,-122.169761666667
320,47.66811,-122.169945
321,47.6681333333333,-122.17012
322,47.6681516666667,-122.170295
323,47.6681666666667,-122.170486666667
324,47.6681783333333,-122.17067
325,47.6681816666667,-122.170868333333
326,47.6681866666667,-122.171058333333
327,47.6681866666667,-122.171265
328,47.6681866666667,-122.17147
329,47.6681866666667,-122.171676666667
330,47.6681866666667,-122.171898333333
331,47.6681866666667,-122.172103333333
332,47.66819,-122.172318333333
333,47.6681933333333,-122.172523333333
334,47.6681933333333,-122.172745
335,47.6681983333333,-122.172958333333
336,47.66822,-122.173165
337,47.668235,-122.17337
338,47.66824,-122.173591666667
339,47.66824,-122.173805
340,47.66824,-122.174026666667
341,47.6682433333333,-122.174248333333
342,47.6682433333333,-122.174461666667
343,47.6682433333333,-122.174666666667
344,47.6682433333333,-122.174873333333
345,47.6682433333333,-122.175095
346,47.6682433333333,-122.1753
347,47.6682466666667,-122.175515
348,47.6682466666667,-122.17572
349,47.6682466666667,-122.175941666667
350,47.6682516666667,-122.176155
351,47.6682516666667,-122.176376666667
352,47.6682516666667,-122.176581666667
353,47.6682516666667,-122.176796666667
354,47.6682516666667,-122.177001666667
355,47.668255,-122.177223333333
356,47.668255,-122.17743
357,47.668255,-122.177635
358,47.668255,-122.177848333333
359,47.6682583333333,-122.178055
360,47.6682616666667,-122.17826
361,47.6682616666667,-122.178466666667
362,47.6682616666667,-122.178673333333
363,47.6682666666667,-122.178878333333
364,47.6682666666667,-122.179085
365,47.66827,-122.179283333333
366,47.66827,-122.179488333333
367,47.6682733333333,-122.179695
368,47.6682783333333,-122.179901666667
369,47.6682816666667,-122.180106666667
370,47.6682816666667,-122.180313333333
371,47.6682816666667,-122.180503333333
372,47.668285,-122.18071
373,47.668285,-122.180908333333
374,47.668285,-122.181098333333
375,47.668285,-122.181305
376,47.668285,-122.181495
377,47.66829,-122.181686666667
378,47.66829,-122.181885
379,47.6682933333333,-122.182075
380,47.6682933333333,-122.182266666667
381,47.6683,-122.182456666667
382,47.6683083333333,-122.182648333333
383,47.6683233333333,-122.182838333333
384,47.6683583333333,-122.18303
385,47.6684033333333,-122.18322
386,47.668465,-122.18341
387,47.6685366666667,-122.183586666667
388,47.6686166666667,-122.183753333333
389,47.6687016666667,-122.18393
390,47.668785,-122.184105
391,47.6688683333333,-122.184288333333
392,47.668945,-122.184448333333
393,47.6690183333333,-122.1846
394,47.6690833333333,-122.184738333333
395,47.6691433333333,-122.18486
396,47.6692016666667,-122.184981666667
397,47.66925,-122.185081666667
398,47.6692883333333,-122.185158333333
399,47.6693233333333,-122.185211666667
400,47.6693416666667,-122.185271666667
401,47.6693616666667,-122.185295
402,47.6693733333333,-122.185325
403,47.6693766666667,-122.185341666667
404,47.66938,-122.185341666667
405,47.66938,-122.185341666667
406,47.66938,-122.185341666667
407,47.66938,-122.185341666667
408,47.6693833333333,-122.185341666667
409,47.6693833333333,-122.185341666667
410,47.6693833333333,-122.185341666667
411,47.6693833333333,-122.185341666667
412,47.6693833333333,-122.185341666667
413,47.6693883333333,-122.185341666667
414,47.6693883333333,-122.185341666667
415,47.6693916666667,-122.185341666667
416,47.6694,-122.185363333333
417,47.6694216666667,-122.18541
418,47.6694533333333,-122.18547
419,47.66949,-122.185555
420,47.66954,-122.185653333333
421,47.6695866666667,-122.185775
422,47.669625,-122.185898333333
423,47.6696583333333,-122.18605
424,47.669685,-122.18621
425,47.669705,-122.186378333333
426,47.66972,-122.186538333333
427,47.66972,-122.186706666667
428,47.6697166666667,-122.186866666667
429,47.669705,-122.187035
430,47.669685,-122.187195
431,47.669655,-122.187346666667
432,47.66962,-122.187491666667
433,47.6695783333333,-122.187645
434,47.6695216666667,-122.187798333333
435,47.6694633333333,-122.18795
436,47.6694,-122.18808
437,47.6693266666667,-122.188195
438,47.6692583333333,-122.188301666667
439,47.669185,-122.188385
440,47.66912,-122.188453333333
441,47.6690633333333,-122.188506666667
442,47.6690133333333,-122.18856
443,47.6689683333333,-122.188598333333
444,47.6689383333333,-122.188628333333
445,47.6689116666667,-122.188645
446,47.6689,-122.18866
447,47.6688916666667,-122.188666666667
448,47.6688883333333,-122.188666666667
449,47.6688883333333,-122.188666666667
450,47.6688883333333,-122.18866
451,47.6688883333333,-122.18866
452,47.66888,-122.188666666667
453,47.668865,-122.188683333333
454,47.6688316666667,-122.188713333333
455,47.6687766666667,-122.188736666667
456,47.6687166666667,-122.188766666667
457,47.6686483333333,-122.188781666667
458,47.6685783333333,-122.188751666667
459,47.66851,-122.188698333333
460,47.668445,-122.188613333333
461,47.6683883333333,-122.188506666667
462,47.6683316666667,-122.188385
463,47.6682616666667,-122.188248333333
464,47.6681866666667,-122.188125
465,47.6680983333333,-122.188003333333
466,47.6680033333333,-122.187905
467,47.6678916666667,-122.187813333333
468,47.6677783333333,-122.187751666667
469,47.6676516666667,-122.187698333333
470,47.6675266666667,-122.18766
471,47.6673933333333,-122.187645
472,47.66726,-122.18763
473,47.6671216666667,-122.187621666667
474,47.666985,-122.187606666667
475,47.6668433333333,-122.187591666667
476,47.6666983333333,-122.187576666667
477,47.66655,-122.187553333333
478,47.6663933333333,-122.187538333333
479,47.66624,-122.187523333333
480,47.66608,-122.187491666667
481,47.66592,-122.18747
482,47.6657516666667,-122.187438333333
483,47.66558,-122.187423333333
484,47.665405,-122.187416666667
485,47.6652266666667,-122.187385
486,47.6650466666667,-122.18737
487,47.6648633333333,-122.18737
488,47.66468,-122.187363333333
489,47.6644933333333,-122.187346666667
490,47.6643066666667,-122.187346666667
491,47.6641116666667,-122.187331666667
492,47.6639216666667,-122.187316666667
493,47.6637233333333,-122.187316666667
494,47.663525,-122.187316666667
495,47.6633266666667,-122.187301666667
496,47.66312,-122.187301666667
497,47.662915,-122.187293333333
498,47.662705,-122.187293333333
499,47.662495,-122.187278333333
500,47.662285,-122.187278333333
501,47.6620716666667,-122.187263333333
502,47.6618616666667,-122.187263333333
503,47.6616483333333,-122.187248333333
504,47.661435,-122.187248333333
505,47.66122,-122.187248333333
506,47.661015,-122.187248333333
507,47.6608083333333,-122.187248333333
508,47.6606033333333,-122.187233333333
509,47.660405,-122.187233333333
510,47.6602016666667,-122.187233333333
511,47.6600066666667,-122.187233333333
512,47.6598083333333,-122.187233333333
513,47.65961,-122.187233333333
514,47.6594116666667,-122.187233333333
515,47.6592066666667,-122.187233333333
516,47.659,-122.187225
517,47.658795,-122.187225
518,47.658585,-122.187225
519,47.658375,-122.187225
520,47.658165,-122.187225
521,47.657955,-122.187225
522,47.6577533333333,-122.187225
523,47.6575466666667,-122.187225
524,47.657345,-122.187225
525,47.6571383333333,-122.187225
526,47.6569333333333,-122.187225
527,47.6567266666667,-122.187225
528,47.6565166666667,-122.187225
529,47.656315,-122.187225
530,47.656105,-122.187225
531,47.655895,-122.187225
532,47.6556816666667,-122.187225
533,47.6554683333333,-122.187225
534,47.6552466666667,-122.187225
535,47.65503,-122.187225
536,47.6548083333333,-122.187225
537,47.6545833333333,-122.187225
538,47.6543616666667,-122.187225
539,47.6541333333333,-122.18721
540,47.6539033333333,-122.18721
541,47.6536783333333,-122.18721
542,47.65345,-122.18721
543,47.6532216666667,-122.18721
544,47.6529966666667,-122.18721
545,47.652775,-122.18721
546,47.6525533333333,-122.18721
547,47.6523316666667,-122.18721
548,47.6521066666667,-122.18721
549,47.6518783333333,-122.18721
550,47.6516533333333,-122.18721
551,47.6514283333333,-122.18721
552,47.6512,-122.18721
553,47.650975,-122.18721
554,47.65075,-122.187195
555,47.6505316666667,-122.187195
556,47.650315,-122.187195
557,47.6500966666667,-122.187195
558,47.6498866666667,-122.187195
559,47.6496733333333,-122.187195
560,47.6494633333333,-122.187195
561,47.6492533333333,-122.187195
562,47.6490433333333,-122.187195
563,47.64883,-122.187195
564,47.64862,-122.18718
565,47.6484066666667,-122.18718
566,47.6481966666667,-122.18718
567,47.6479833333333,-122.18718
568,47.64777,-122.18718
569,47.6475566666667,-122.187195
570,47.6473433333333,-122.187195
571,47.647125,-122.18721
572,47.646915,-122.18721
573,47.6467016666667,-122.18721
574,47.6464883333333,-122.18721
575,47.6462783333333,-122.18721
576,47.646065,-122.18721
577,47.645855,-122.18721
578,47.6456416666667,-122.187195
579,47.6454316666667,-122.187195
580,47.6452133333333,-122.18718
581,47.645,-122.187165
582,47.6447833333333,-122.187156666667
583,47.64457,-122.187141666667
584,47.644355,-122.187111666667
585,47.6441383333333,-122.187103333333
586,47.6439216666667,-122.187073333333
587,47.6437033333333,-122.187041666667
588,47.64349,-122.18702
589,47.6432766666667,-122.187003333333
590,47.643055,-122.186973333333
591,47.6428383333333,-122.18695
592,47.64262,-122.18692
593,47.6423983333333,-122.186896666667
594,47.6421783333333,-122.186881666667
595,47.64196,-122.186851666667
596,47.6417383333333,-122.186843333333
597,47.6415183333333,-122.186828333333
598,47.6412966666667,-122.186813333333
599,47.641075,-122.186798333333
600,47.6408533333333,-122.186783333333
601,47.6406366666667,-122.186783333333
602,47.6404116666667,-122.186798333333
603,47.64019,-122.186813333333
604,47.6399733333333,-122.186828333333
605,47.6397516666667,-122.186843333333
606,47.63953,-122.186843333333
607,47.6393083333333,-122.186851666667
608,47.6390883333333,-122.186851666667
609,47.6388666666667,-122.186866666667
610,47.638645,-122.186866666667
611,47.6384233333333,-122.186866666667
612,47.6382033333333,-122.186881666667
613,47.6379816666667,-122.186881666667
614,47.6377633333333,-122.186881666667
615,47.6375433333333,-122.186896666667
616,47.6373216666667,-122.186905
617,47.6371033333333,-122.186905
618,47.6368833333333,-122.18692
619,47.6366616666667,-122.18695
620,47.6364483333333,-122.186988333333
621,47.6362383333333,-122.187041666667
622,47.636025,-122.187103333333
623,47.6358183333333,-122.187165
624,47.6356166666667,-122.187248333333
625,47.6354216666667,-122.187331666667
626,47.6352266666667,-122.187423333333
627,47.6350283333333,-122.187523333333
628,47.63485,-122.187606666667
629,47.6346816666667,-122.187675
630,47.634525,-122.187743333333
631,47.63438,-122.187813333333
632,47.6342433333333,-122.187888333333
633,47.6341166666667,-122.188011666667
634,47.6340216666667,-122.188148333333
635,47.633945,-122.188331666667
636,47.6338883333333,-122.188521666667
637,47.6338616666667,-122.188736666667
638,47.6338533333333,-122.188956666667
639,47.63387,-122.189178333333
640,47.6339066666667,-122.189391666667
641,47.6339683333333,-122.189598333333
642,47.6340483333333,-122.189788333333
643,47.63414,-122.189956666667
644,47.63424,-122.190101666667
645,47.6343416666667,-122.19027
646,47.634445,-122.190421666667
647,47.634555,-122.190581666667
648,47.6346733333333,-122.19075
649,47.6348033333333,-122.19091
650,47.6349416666667,-122.191048333333
651,47.63509,-122.19117
652,47.63525,-122.191291666667
653,47.6354183333333,-122.191413333333
654,47.635585,-122.191528333333
655,47.635765,-122.19165
656,47.635945,-122.191788333333
657,47.63612,-122.191933333333
658,47.636295,-122.192085
659,47.6364666666667,-122.192238333333
660,47.636635,-122.192398333333
661,47.6368066666667,-122.192566666667
662,47.6369816666667,-122.192741666667
663,47.63715,-122.192931666667
664,47.637325,-122.193123333333
665,47.6374966666667,-122.193328333333
666,47.6376683333333,-122.193535
667,47.6378333333333,-122.193741666667
668,47.6379966666667,-122.193946666667
669,47.638165,-122.19416
670,47.6383283333333,-122.194366666667
671,47.6384933333333,-122.194571666667
672,47.63866,-122.194778333333
673,47.638825,-122.194991666667
674,47.6389883333333,-122.195198333333
675,47.6391566666667,-122.195403333333
676,47.63932,-122.19561
677,47.6394883333333,-122.195831666667
678,47.6396516666667,-122.196036666667
679,47.63982,-122.196251666667
680,47.6399833333333,-122.196456666667
681,47.6401483333333,-122.196663333333
682,47.6403166666667,-122.196883333333
683,47.6404833333333,-122.197098333333
684,47.6406483333333,-122.197335
685,47.6408083333333,-122.197548333333
686,47.6409683333333,-122.197791666667
687,47.6411283333333,-122.198028333333
688,47.6412766666667,-122.198273333333
689,47.6414216666667,-122.198531666667
690,47.6415633333333,-122.198791666667
691,47.6416966666667,-122.199051666667
692,47.64183,-122.199325
693,47.6419483333333,-122.1996
694,47.6420633333333,-122.199883333333
695,47.64217,-122.200188333333
696,47.642265,-122.20047
697,47.6423566666667,-122.20079
698,47.6424366666667,-122.201103333333
699,47.6425166666667,-122.201416666667
700,47.6426116666667,-122.201743333333
701,47.6426933333333,-122.202086666667
702,47.6427466666667,-122.202415
703,47.6427883333333,-122.202751666667
704,47.64283,-122.203095
705,47.6428683333333,-122.203438333333
706,47.6429066666667,-122.203781666667
707,47.64294,-122.20411
708,47.642975,-122.204445
709,47.64301,-122.204773333333
710,47.6430433333333,-122.205101666667
711,47.6430816666667,-122.205421666667
712,47.6431166666667,-122.205735
713,47.6431466666667,-122.206046666667
714,47.6431816666667,-122.206375
715,47.6432083333333,-122.206688333333
716,47.6432233333333,-122.207
717,47.6432383333333,-122.207328333333
718,47.6432416666667,-122.207656666667
719,47.643235,-122.207985
720,47.6432183333333,-122.208298333333
721,47.6432033333333,-122.208625
722,47.6431733333333,-122.208946666667
723,47.6431316666667,-122.209258333333
724,47.6430816666667,-122.209571666667
725,47.643025,-122.20987
726,47.642955,-122.210181666667
727,47.6428866666667,-122.210471666667
728,47.6428033333333,-122.21077
729,47.642715,-122.21106
730,47.6426283333333,-122.21135
731,47.6425316666667,-122.211631666667
732,47.64244,-122.211921666667
733,47.64235,-122.212203333333
734,47.6422533333333,-122.212508333333
735,47.6421616666667,-122.212791666667
736,47.64207,-122.213081666667
737,47.641975,-122.213356666667
738,47.6418833333333,-122.213638333333
739,47.6417966666667,-122.213928333333
740,47.6417083333333,-122.214203333333
741,47.6416166666667,-122.214478333333
742,47.6415283333333,-122.214745
743,47.6414383333333,-122.21502
744,47.64135,-122.215293333333
745,47.6412583333333,-122.215583333333
746,47.6411633333333,-122.215866666667
747,47.6410716666667,-122.216171666667
748,47.64098,-122.216453333333
749,47.6408883333333,-122.216743333333
750,47.6407966666667,-122.217025
751,47.640705,-122.217315
752,47.64061,-122.217605
753,47.6404983333333,-122.217888333333
754,47.640385,-122.218193333333
755,47.64029,-122.218475
756,47.6401983333333,-122.21878
757,47.6401016666667,-122.219063333333
758,47.64,-122.219353333333
759,47.6398883333333,-122.219626666667
760,47.639775,-122.219895
761,47.6396483333333,-122.220168333333
762,47.639515,-122.220428333333
763,47.6393733333333,-122.22068
764,47.6392283333333,-122.22094
765,47.6390716666667,-122.221168333333
766,47.6389083333333,-122.221413333333
767,47.6387483333333,-122.22165
768,47.6385833333333,-122.221878333333
769,47.63842,-122.222121666667
770,47.6382566666667,-122.222358333333
771,47.6380966666667,-122.222588333333
772,47.6379283333333,-122.222831666667
773,47.63776,-122.223083333333
774,47.6375883333333,-122.223328333333
775,47.63742,-122.223571666667
776,47.63726,-122.223816666667
777,47.6371033333333,-122.22409
778,47.636955,-122.22438
779,47.63681,-122.224663333333
780,47.6366766666667,-122.224968333333
781,47.6365583333333,-122.22528
782,47.6364433333333,-122.225593333333
783,47.636345,-122.225921666667
784,47.6362533333333,-122.226265
785,47.6361733333333,-122.226608333333
786,47.636105,-122.226943333333
787,47.63604,-122.227303333333
788,47.63599,-122.227653333333
789,47.6359483333333,-122.228011666667
790,47.6359216666667,-122.228378333333
791,47.63591,-122.228736666667
792,47.63591,-122.229103333333
793,47.6359283333333,-122.229461666667
794,47.6359483333333,-122.229813333333
795,47.6359833333333,-122.230171666667
796,47.63602,-122.230515
797,47.63607,-122.23085
798,47.63612,-122.231178333333
799,47.6361733333333,-122.231506666667
800,47.63623,-122.23185
801,47.63628,-122.232161666667
802,47.6363333333333,-122.23249
803,47.63638,-122.232818333333
804,47.6364283333333,-122.233131666667
805,47.6364783333333,-122.233436666667
806,47.636525,-122.23375
807,47.63657,-122.234046666667
808,47.63662,-122.234351666667
809,47.6366616666667,-122.23465
810,47.6367116666667,-122.23494
811,47.6367566666667,-122.235236666667
812,47.6368033333333,-122.23555
813,47.6368516666667,-122.235855
814,47.6368983333333,-122.236136666667
815,47.63694,-122.236411666667
816,47.6369783333333,-122.236671666667
817,47.6370166666667,-122.236946666667
818,47.63705,-122.237205
819,47.6370883333333,-122.23748
820,47.6371266666667,-122.237761666667
821,47.637165,-122.238036666667
822,47.6372066666667,-122.238311666667
823,47.637245,-122.238556666667
824,47.63728,-122.238815
825,47.6373133333333,-122.239066666667
826,47.637355,-122.239326666667
827,47.6373933333333,-122.23957
828,47.6374283333333,-122.2398
829,47.6374666666667,-122.240043333333
830,47.637505,-122.240295
831,47.6375433333333,-122.240525
832,47.6375733333333,-122.240768333333
833,47.6376116666667,-122.241005
834,47.63765,-122.241265
835,47.6376916666667,-122.241523333333
836,47.6377333333333,-122.241783333333
837,47.6377716666667,-122.242058333333
838,47.6378166666667,-122.24234
839,47.63786,-122.242615
840,47.6379016666667,-122.24289
841,47.6379433333333,-122.243171666667
842,47.6379883333333,-122.243446666667
843,47.6380316666667,-122.243736666667
844,47.6380733333333,-122.244026666667
845,47.6381183333333,-122.244293333333
846,47.63816,-122.244583333333
847,47.6382033333333,-122.244873333333
848,47.6382483333333,-122.245155
849,47.63829,-122.245445
850,47.6383316666667,-122.245728333333
851,47.6383783333333,-122.246016666667
852,47.63842,-122.246306666667
853,47.6384666666667,-122.24659
854,47.6385116666667,-122.24688
855,47.6385566666667,-122.247161666667
856,47.6386033333333,-122.247466666667
857,47.6386483333333,-122.247765
858,47.638695,-122.248076666667
859,47.638745,-122.248383333333
860,47.6387866666667,-122.24868
861,47.6388366666667,-122.248978333333
862,47.6388783333333,-122.249268333333
863,47.6389233333333,-122.249565
864,47.638965,-122.249855
865,47.6390083333333,-122.25013
866,47.63905,-122.250411666667
867,47.6390916666667,-122.250686666667
868,47.6391366666667,-122.250961666667
869,47.63918,-122.251251666667
870,47.6392216666667,-122.251518333333
871,47.6392666666667,-122.251808333333
872,47.639305,-122.252098333333
873,47.6393516666667,-122.252373333333
874,47.6393933333333,-122.25264
875,47.6394316666667,-122.252915
876,47.6394766666667,-122.253205
877,47.6395183333333,-122.253486666667
878,47.63956,-122.253776666667
879,47.6396066666667,-122.254066666667
880,47.6396516666667,-122.254348333333
881,47.639695,-122.254638333333
882,47.63974,-122.254921666667
883,47.639785,-122.255211666667
884,47.6398233333333,-122.255508333333
885,47.63987,-122.255798333333
886,47.63992,-122.256096666667
887,47.6399616666667,-122.256401666667
888,47.6400066666667,-122.256683333333
889,47.6400533333333,-122.256988333333
890,47.6400983333333,-122.257286666667
891,47.640145,-122.257583333333
892,47.6401866666667,-122.257888333333
893,47.6402316666667,-122.258171666667
894,47.6402783333333,-122.258476666667
895,47.6403233333333,-122.258773333333
896,47.6403733333333,-122.259078333333
897,47.640415,-122.259376666667
898,47.6404616666667,-122.259673333333
899,47.6405066666667,-122.25998
900,47.6405533333333,-122.260276666667
901,47.6405983333333,-122.260581666667
902,47.6406433333333,-122.26088
903,47.64069,-122.261191666667
904,47.640735,-122.261496666667
905,47.6407816666667,-122.261795
906,47.6408316666667,-122.262093333333
907,47.6408766666667,-122.262398333333
908,47.6409233333333,-122.26271
909,47.6409683333333,-122.263008333333
910,47.6410133333333,-122.263313333333
911,47.6410633333333,-122.263611666667
912,47.64111,-122.263908333333
913,47.641155,-122.264228333333
914,47.6412016666667,-122.264526666667
915,47.64125,-122.26484
916,47.6412966666667,-122.265151666667
917,47.6413466666667,-122.265471666667
918,47.6413916666667,-122.265785
919,47.6414416666667,-122.266098333333
920,47.6414866666667,-122.26641
921,47.6415366666667,-122.266723333333
922,47.6415816666667,-122.267036666667
923,47.6416316666667,-122.267356666667
924,47.6416816666667,-122.26767
925,47.6417266666667,-122.267981666667
926,47.6417816666667,-122.268295
927,47.6418266666667,-122.268608333333
928,47.6418766666667,-122.268928333333
929,47.6419216666667,-122.269256666667
930,47.6419716666667,-122.26957
931,47.6420166666667,-122.269881666667
932,47.6420666666667,-122.270195
933,47.6421133333333,-122.270493333333
934,47.6421583333333,-122.270813333333
935,47.642205,-122.27111
936,47.64225,-122.271408333333
937,47.6422966666667,-122.271698333333
938,47.6423383333333,-122.271995
939,47.6423833333333,-122.2723
940,47.64243,-122.272583333333
941,47.6424716666667,-122.272888333333
942,47.6425166666667,-122.27317
943,47.6425633333333,-122.273475
944,47.642605,-122.273773333333
945,47.64265,-122.274078333333
946,47.6426966666667,-122.274376666667
947,47.6427416666667,-122.274665
948,47.6427883333333,-122.274963333333
949,47.6428333333333,-122.275253333333
950,47.6428866666667,-122.275551666667
951,47.642945,-122.27584
952,47.643005,-122.276138333333
953,47.6430783333333,-122.276428333333
954,47.6431533333333,-122.276695
955,47.6432416666667,-122.276985
956,47.643325,-122.27726
957,47.6434166666667,-122.27752
958,47.6435083333333,-122.277793333333
959,47.643605,-122.278053333333
960,47.6436916666667,-122.27832
961,47.64378,-122.27858
962,47.6438633333333,-122.278855
963,47.6439483333333,-122.279128333333
964,47.6440233333333,-122.279403333333
965,47.6440933333333,-122.279686666667
966,47.6441566666667,-122.279976666667
967,47.644215,-122.280273333333
968,47.64426,-122.280563333333
969,47.6443066666667,-122.280861666667
970,47.644345,-122.281181666667
971,47.644375,-122.281493333333
972,47.6444016666667,-122.281791666667
973,47.64442,-122.282105
974,47.6444433333333,-122.282425
975,47.6444633333333,-122.282738333333
976,47.644485,-122.28305
977,47.6445,-122.283348333333
978,47.64452,-122.283668333333
979,47.6445433333333,-122.283966666667
980,47.6445616666667,-122.284278333333
981,47.644585,-122.284591666667
982,47.6446,-122.284896666667
983,47.6446183333333,-122.28521
984,47.6446416666667,-122.285506666667
985,47.6446616666667,-122.285811666667
986,47.64468,-122.28611
987,47.6447033333333,-122.286406666667
988,47.6447183333333,-122.286728333333
989,47.6447416666667,-122.287025
990,47.64476,-122.287338333333
991,47.64478,-122.287651666667
992,47.6448016666667,-122.287971666667
993,47.6448216666667,-122.288285
994,47.6448433333333,-122.288611666667
995,47.6448633333333,-122.288925
996,47.6448816666667,-122.289253333333
997,47.6449083333333,-122.289581666667
998,47.6449283333333,-122.28991
999,47.6449466666667,-122.290236666667
1000,47.6449733333333,-122.29055
1001,47.6449933333333,-122.290878333333
1002,47.645015,-122.291206666667
1003,47.6450383333333,-122.291535
1004,47.6450583333333,-122.291861666667
1005,47.6450766666667,-122.29219
1006,47.6451033333333,-122.292518333333
1007,47.6451233333333,-122.292861666667
1008,47.6451416666667,-122.293181666667
1009,47.645165,-122.29351
1010,47.6451866666667,-122.293838333333
1011,47.6452066666667,-122.294166666667
1012,47.645225,-122.29451
1013,47.6452366666667,-122.294838333333
1014,47.645245,-122.295181666667
1015,47.64524,-122.295525
1016,47.6452333333333,-122.29586
1017,47.6452133333333,-122.296203333333
1018,47.6451866666667,-122.296546666667
1019,47.64515,-122.296875
1020,47.6451033333333,-122.297218333333
1021,47.6450533333333,-122.297553333333
1022,47.645,-122.297881666667
1023,47.6449433333333,-122.298225
1024,47.6448866666667,-122.298553333333
1025,47.6448333333333,-122.298881666667
1026,47.644775,-122.29921
1027,47.644715,-122.299538333333
1028,47.6446566666667,-122.299865
1029,47.6446033333333,-122.300193333333
1030,47.6445533333333,-122.300521666667
1031,47.64452,-122.300865
1032,47.6444966666667,-122.301193333333
1033,47.644485,-122.301521666667
1034,47.644485,-122.301856666667
1035,47.6444933333333,-122.302185
1036,47.6445,-122.302513333333
1037,47.6444966666667,-122.302841666667
1038,47.6444933333333,-122.30317
1039,47.644485,-122.303496666667
1040,47.6444583333333,-122.303825
1041,47.6444283333333,-122.304138333333
1042,47.6443866666667,-122.304466666667
1043,47.64434,-122.304786666667
1044,47.6442833333333,-122.3051
1045,47.6442183333333,-122.305411666667
1046,47.64415,-122.30571
1047,47.6440766666667,-122.30603
1048,47.644005,-122.306328333333
1049,47.6439316666667,-122.30664
1050,47.6438566666667,-122.306953333333
1051,47.64378,-122.307258333333
1052,47.6437033333333,-122.307571666667
1053,47.6436233333333,-122.3079
1054,47.6435466666667,-122.308211666667
1055,47.643475,-122.30854
1056,47.64341,-122.308853333333
1057,47.6433533333333,-122.309181666667
1058,47.64331,-122.30951
1059,47.6432766666667,-122.309836666667
1060,47.643245,-122.31018
1061,47.64323,-122.310508333333
1062,47.643215,-122.310836666667
1063,47.6432083333333,-122.311165
1064,47.6432,-122.311478333333
1065,47.6431966666667,-122.311805
1066,47.6431883333333,-122.312118333333
1067,47.643185,-122.312431666667
1068,47.6431816666667,-122.312743333333
1069,47.6431766666667,-122.313065
1070,47.6431733333333,-122.313376666667
1071,47.643165,-122.31369
1072,47.6431583333333,-122.313988333333
1073,47.64315,-122.314308333333
1074,47.6431383333333,-122.314605
1075,47.64312,-122.314903333333
1076,47.6431,-122.315208333333
1077,47.6430783333333,-122.315506666667
1078,47.6430516666667,-122.315811666667
1079,47.64302,-122.316093333333
1080,47.64299,-122.316398333333
1081,47.64296,-122.316681666667
1082,47.6429283333333,-122.31697
1083,47.6429016666667,-122.317253333333
1084,47.64288,-122.317543333333
1085,47.6428533333333,-122.31784
1086,47.6428216666667,-122.31813
1087,47.6427883333333,-122.31842
1088,47.6427533333333,-122.318718333333
1089,47.64272,-122.319015
1090,47.6426883333333,-122.31932
1091,47.642655,-122.319633333333
1092,47.6426233333333,-122.319931666667
1093,47.6425933333333,-122.320243333333
1094,47.6425516666667,-122.320548333333
1095,47.6425133333333,-122.320831666667
1096,47.6424833333333,-122.321106666667
1097,47.6424566666667,-122.32138
1098,47.642425,-122.32164
1099,47.6423916666667,-122.321883333333
1100,47.642345,-122.322136666667
1101,47.64228,-122.322335
1102,47.6422,-122.322525
1103,47.6421016666667,-122.322693333333
1104,47.6419866666667,-122.322845
1105,47.641865,-122.322968333333
1106,47.641735,-122.323058333333
1107,47.6416016666667,-122.323128333333
1108,47.641465,-122.323173333333
1109,47.6413233333333,-122.323196666667
1110,47.6411816666667,-122.323196666667
1111,47.6410333333333,-122.323196666667
1112,47.6408883333333,-122.323196666667
1113,47.640735,-122.323196666667
1114,47.6405833333333,-122.323196666667
1115,47.640435,-122.323196666667
1116,47.6402783333333,-122.323196666667
1117,47.6401283333333,-122.323196666667
1118,47.6399766666667,-122.323196666667
1119,47.6398316666667,-122.323211666667
1120,47.63969,-122.323211666667
1121,47.6395533333333,-122.323211666667
1122,47.6394233333333,-122.323211666667
1123,47.6393016666667,-122.323211666667
1124,47.6391866666667,-122.323211666667
1125,47.6390766666667,-122.323211666667
1126,47.6389766666667,-122.323211666667
1127,47.6388733333333,-122.323211666667
1128,47.6387716666667,-122.323211666667
1129,47.6386683333333,-122.323211666667
1130,47.638565,-122.323211666667
1131,47.6384616666667,-122.323226666667
1132,47.6383583333333,-122.323226666667
1133,47.6382566666667,-122.323241666667
1134,47.63815,-122.323241666667
1135,47.6380383333333,-122.323241666667
1136,47.6379283333333,-122.323241666667
1137,47.63781,-122.323241666667
1138,47.6376916666667,-122.323241666667
1139,47.6375616666667,-122.323241666667
1140,47.637425,-122.323241666667
1141,47.637275,-122.323241666667
1142,47.637115,-122.32325
1143,47.636955,-122.32325
1144,47.6367916666667,-122.323265
1145,47.6366383333333,-122.323295
1146,47.6364933333333,-122.323318333333
1147,47.636345,-122.323348333333
1148,47.6362033333333,-122.323365
1149,47.6360633333333,-122.323386666667
1150,47.6359333333333,-122.323418333333
1151,47.6358116666667,-122.323433333333
1152,47.635685,-122.323455
1153,47.6355633333333,-122.323471666667
1154,47.6354366666667,-122.323501666667
1155,47.6353116666667,-122.32354
1156,47.6351883333333,-122.32357
1157,47.6350783333333,-122.323608333333
1158,47.6349866666667,-122.323646666667
1159,47.6349033333333,-122.323676666667
1160,47.634835,-122.323691666667
1161,47.6347733333333,-122.323715
1162,47.63472,-122.32373
1163,47.6346666666667,-122.323745
1164,47.6346166666667,-122.323761666667
1165,47.634575,-122.323768333333
1166,47.6345283333333,-122.323783333333
1167,47.63448,-122.323798333333
1168,47.63443,-122.32383
1169,47.6343733333333,-122.323853333333
1170,47.6343083333333,-122.323883333333
1171,47.634235,-122.323921666667
1172,47.634155,-122.323951666667
1173,47.6340783333333,-122.32399
1174,47.633995,-122.32402
1175,47.6339233333333,-122.324043333333
1176,47.63387,-122.324073333333
1177,47.6338383333333,-122.324088333333
1178,47.6338233333333,-122.324088333333
1179,47.63382,-122.324088333333
1180,47.633815,-122.324088333333
1181,47.6338116666667,-122.324088333333
1182,47.6338083333333,-122.324088333333
1183,47.6338,-122.324096666667
1184,47.6337933333333,-122.324096666667
1185,47.633785,-122.324096666667
1186,47.63377,-122.324111666667
1187,47.6337583333333,-122.324111666667
1188,47.63374,-122.324111666667
1189,47.63372,-122.324126666667
1190,47.6336983333333,-122.324141666667
1191,47.6336783333333,-122.324141666667
1192,47.63366,-122.324158333333
1193,47.6336366666667,-122.324165
1194,47.63361,-122.324165
1195,47.633575,-122.32418
1196,47.6335416666667,-122.324211666667
1197,47.6334983333333,-122.324218333333
1198,47.6334533333333,-122.324233333333
1199,47.6334033333333,-122.324265
1200,47.63337,-122.32428
1201,47.6333433333333,-122.324286666667
1202,47.633335,-122.324286666667
1203,47.6333316666667,-122.324286666667
1204,47.6333316666667,-122.324286666667
1205,47.6333233333333,-122.324303333333
1206,47.6333116666667,-122.324303333333
1207,47.6333,-122.324303333333
1208,47.6332816666667,-122.324318333333
1209,47.6332633333333,-122.324333333333
1210,47.63324,-122.324333333333
1211,47.633225,-122.324348333333
1212,47.633205,-122.324348333333
1213,47.6331983333333,-122.324356666667
1214,47.63319,-122.324356666667
1215,47.6331833333333,-122.324356666667
1216,47.6331833333333,-122.324356666667
1217,47.6331833333333,-122.324356666667
1218,47.6331833333333,-122.324356666667
1219,47.6331833333333,-122.324356666667
1220,47.6331866666667,-122.324356666667
1221,47.6331866666667,-122.324356666667
1222,47.6331866666667,-122.324356666667
1223,47.6331866666667,-122.324356666667
1224,47.6331866666667,-122.324356666667
1225,47.6331866666667,-122.324356666667
1226,47.6331833333333,-122.324356666667
1227,47.6331716666667,-122.324356666667
1228,47.633155,-122.324371666667
1229,47.6331333333333,-122.324386666667
1230,47.6330983333333,-122.324401666667
1231,47.6330566666667,-122.324416666667
1232,47.6330116666667,-122.324425
1233,47.632965,-122.324455
1234,47.63292,-122.32447
1235,47.632885,-122.324485
1236,47.6328616666667,-122.324493333333
1237,47.6328466666667,-122.324508333333
1238,47.6328283333333,-122.324508333333
1239,47.632805,-122.324523333333
1240,47.6327816666667,-122.32454
1241,47.6327516666667,-122.324546666667
1242,47.632725,-122.324561666667
1243,47.632695,-122.324576666667
1244,47.63266,-122.324593333333
1245,47.632625,-122.324608333333
1246,47.6325866666667,-122.32463
1247,47.6325533333333,-122.324646666667
1248,47.6325266666667,-122.324661666667
1249,47.632515,-122.324676666667
1250,47.6325116666667,-122.324676666667
1251,47.6325116666667,-122.324676666667
1252,47.6325116666667,-122.324676666667
1253,47.6325116666667,-122.324676666667
1254,47.6325116666667,-122.324676666667
1255,47.6325066666667,-122.324676666667
1256,47.6325,-122.324676666667
1257,47.6324883333333,-122.324676666667
1258,47.6324733333333,-122.324683333333
1259,47.6324533333333,-122.3247
1260,47.632435,-122.324715
1261,47.632415,-122.32473
1262,47.6323883333333,-122.324745
1263,47.6323616666667,-122.324753333333
1264,47.6323316666667,-122.324768333333
1265,47.632305,-122.324798333333
1266,47.632275,-122.324806666667
1267,47.6322433333333,-122.324821666667
1268,47.6322133333333,-122.324851666667
1269,47.63218,-122.324875
1270,47.632145,-122.32489
1271,47.6321066666667,-122.32492
1272,47.6320716666667,-122.324943333333
1273,47.632035,-122.324973333333
1274,47.632,-122.325005
1275,47.6319733333333,-122.325026666667
1276,47.6319583333333,-122.325043333333
1277,47.6319466666667,-122.325043333333
1278,47.6319383333333,-122.325043333333
1279,47.6319383333333,-122.325043333333
1280,47.6319433333333,-122.325043333333
1281,47.6319433333333,-122.325043333333
1282,47.6319433333333,-122.325043333333
1283,47.6319433333333,-122.325043333333
1284,47.6319433333333,-122.325058333333
1285,47.631935,-122.325058333333
1286,47.6319266666667,-122.325058333333
1287,47.6319166666667,-122.325073333333
1288,47.6319,-122.325081666667
1289,47.6318816666667,-122.325096666667
1290,47.6318666666667,-122.325111666667
1291,47.6318583333333,-122.325126666667
1292,47.6318516666667,-122.325126666667
1293,47.6318433333333,-122.325135
1294,47.6318433333333,-122.325135
1295,47.63184,-122.325135
1296,47.63184,-122.325135
1297,47.63184,-122.325135
1298,47.63184,-122.325135
1299,47.63184,-122.325135
1300,47.63184,-122.325135
1301,47.6318366666667,-122.325135
1302,47.6318316666667,-122.32515
1303,47.63182,-122.32515
1304,47.6318016666667,-122.32518
1305,47.6317716666667,-122.325195
1306,47.6317366666667,-122.325233333333
1307,47.6316983333333,-122.325263333333
1308,47.6316566666667,-122.325301666667
1309,47.6316116666667,-122.32534
1310,47.6315616666667,-122.325393333333
1311,47.6315083333333,-122.325455
1312,47.6314466666667,-122.325508333333
1313,47.631385,-122.325576666667
1314,47.6313283333333,-122.32563
1315,47.631275,-122.325698333333
1316,47.6312216666667,-122.325751666667
1317,47.6311766666667,-122.325805
1318,47.6311266666667,-122.325858333333
1319,47.631085,-122.325905
1320,47.6310383333333,-122.325958333333
1321,47.6309883333333,-122.326011666667
1322,47.630935,-122.32608
1323,47.63089,-122.326133333333
1324,47.6308433333333,-122.32618
1325,47.63081,-122.326218333333
1326,47.63079,-122.32624
1327,47.630775,-122.326255
1328,47.63076,-122.326286666667
1329,47.6307483333333,-122.326301666667
1330,47.6307333333333,-122.32631
1331,47.6307266666667,-122.326325
1332,47.6307183333333,-122.326325
1333,47.630715,-122.32634
1334,47.6307183333333,-122.32634
1335,47.6307183333333,-122.32634
1336,47.6307183333333,-122.326325
1337,47.6307183333333,-122.326325
1338,47.6307183333333,-122.326325
1339,47.630715,-122.32634
1340,47.6307033333333,-122.32634
1341,47.6306916666667,-122.32637
1342,47.6306616666667,-122.326393333333
1343,47.63063,-122.326438333333
1344,47.6305883333333,-122.326476666667
1345,47.6305433333333,-122.32653
1346,47.6304966666667,-122.326583333333
1347,47.6304433333333,-122.326636666667
1348,47.6304016666667,-122.326698333333
1349,47.6303566666667,-122.326736666667
1350,47.6303133333333,-122.32679
1351,47.63028,-122.32682
1352,47.6302566666667,-122.326843333333
1353,47.6302383333333,-122.326873333333
1354,47.6302266666667,-122.326888333333
1355,47.6302216666667,-122.326888333333
1356,47.6302183333333,-122.326888333333
1357,47.630215,-122.326896666667
1358,47.6302066666667,-122.326896666667
1359,47.6302033333333,-122.326911666667
1360,47.630195,-122.326911666667
1361,47.6301883333333,-122.326926666667
1362,47.63018,-122.326926666667
1363,47.6301733333333,-122.326941666667
1364,47.6301683333333,-122.326941666667
1365,47.6301616666667,-122.326958333333
1366,47.6301566666667,-122.326958333333
1367,47.63015,-122.326965
1368,47.6301466666667,-122.326965
1369,47.6301416666667,-122.32698
1370,47.63013,-122.32698
1371,47.6301233333333,-122.326996666667
1372,47.630115,-122.327011666667
1373,47.6301083333333,-122.327011666667
1374,47.6301033333333,-122.327026666667
1375,47.6300966666667,-122.327033333333
1376,47.6300883333333,-122.327033333333
1377,47.6300816666667,-122.32705
1378,47.6300733333333,-122.32705
1379,47.6300733333333,-122.327065
1380,47.6300666666667,-122.327065
1381,47.6300583333333,-122.32708
1382,47.63005,-122.32708
1383,47.6300466666667,-122.327086666667
1384,47.6300433333333,-122.327086666667
1385,47.630035,-122.327103333333
1386,47.6300283333333,-122.327103333333
1387,47.6300233333333,-122.327118333333
1388,47.6300166666667,-122.327118333333
1389,47.6300133333333,-122.327133333333
1390,47.6300083333333,-122.327133333333
1391,47.6300083333333,-122.327133333333
1392,47.6300083333333,-122.327133333333
1393,47.630005,-122.327148333333
1394,47.6300016666667,-122.327148333333
1395,47.6299933333333,-122.327148333333
1396,47.629985,-122.327156666667
1397,47.6299783333333,-122.327171666667
1398,47.629975,-122.327171666667
1399,47.6299633333333,-122.327186666667
1400,47.6299483333333,-122.327216666667
1401,47.629925,-122.327225
1402,47.6299016666667,-122.32727
1403,47.629875,-122.327293333333
1404,47.6298483333333,-122.32734
1405,47.6298183333333,-122.327361666667
1406,47.6297916666667,-122.327408333333
1407,47.62976,-122.32743
1408,47.6297333333333,-122.327476666667
1409,47.6297066666667,-122.3275
1410,47.6296766666667,-122.327545
1411,47.6296383333333,-122.327583333333
1412,47.6296,-122.327621666667
1413,47.6295583333333,-122.327666666667
1414,47.62952,-122.32772
1415,47.629475,-122.327758333333
1416,47.629425,-122.327811666667
1417,47.629375,-122.327873333333
1418,47.6293266666667,-122.327926666667
1419,47.6292683333333,-122.327965
1420,47.629215,-122.328018333333
1421,47.6291616666667,-122.328071666667
1422,47.6291083333333,-122.328116666667
1423,47.6290583333333,-122.328155
1424,47.629005,-122.328208333333
1425,47.6289516666667,-122.328255
1426,47.6288983333333,-122.328308333333
1427,47.6288416666667,-122.328346666667
1428,47.628795,-122.328391666667
1429,47.6287533333333,-122.32843
1430,47.62872,-122.32846
1431,47.628685,-122.328483333333
1432,47.6286583333333,-122.328513333333
1433,47.6286316666667,-122.328536666667
1434,47.6286083333333,-122.328551666667
1435,47.628585,-122.328568333333
1436,47.62857,-122.328583333333
1437,47.628555,-122.32859
1438,47.6285433333333,-122.328605
1439,47.6285366666667,-122.328621666667
1440,47.6285283333333,-122.328621666667
1441,47.628525,-122.328621666667
1442,47.6285216666667,-122.328621666667
1443,47.6285166666667,-122.328621666667
1444,47.6285166666667,-122.328621666667
1445,47.6285216666667,-122.328621666667
1446,47.6285216666667,-122.328621666667
1447,47.6285216666667,-122.328621666667
1448,47.6285216666667,-122.328621666667
1449,47.6285216666667,-122.328621666667
1450,47.6285133333333,-122.328636666667
1451,47.6285016666667,-122.328636666667
1452,47.6284866666667,-122.328651666667
1453,47.6284683333333,-122.328658333333
1454,47.628445,-122.32869
1455,47.6284183333333,-122.328705
1456,47.628395,-122.32872
1457,47.6283716666667,-122.328728333333
1458,47.62835,-122.328743333333
1459,47.62833,-122.328758333333
1460,47.6283116666667,-122.328758333333
1461,47.6282883333333,-122.328773333333
1462,47.62827,-122.328788333333
1463,47.62825,-122.328796666667
1464,47.6282383333333,-122.328796666667
1465,47.6282266666667,-122.328796666667
1466,47.62822,-122.328811666667
1467,47.6282116666667,-122.328811666667
1468,47.6281966666667,-122.328811666667
1469,47.628185,-122.328826666667
1470,47.6281733333333,-122.328826666667
1471,47.6281616666667,-122.328841666667
1472,47.6281516666667,-122.328841666667
1473,47.6281316666667,-122.32885
1474,47.62812,-122.32885
1475,47.6280983333333,-122.328865
1476,47.6280816666667,-122.328865
1477,47.62806,-122.32888
1478,47.6280366666667,-122.32888
1479,47.6280016666667,-122.328895
1480,47.6279716666667,-122.32891
1481,47.6279416666667,-122.32891
1482,47.62791,-122.328918333333
1483,47.6278833333333,-122.328918333333
1484,47.6278533333333,-122.328918333333
1485,47.6278266666667,-122.328933333333
1486,47.6277966666667,-122.328933333333
1487,47.6277766666667,-122.328933333333
1488,47.6277616666667,-122.328948333333
1489,47.627755,-122.328948333333
1490,47.62775,-122.328948333333
1491,47.6277466666667,-122.328948333333
1492,47.6277383333333,-122.328948333333
1493,47.6277316666667,-122.328948333333
1494,47.62772,-122.328948333333
1495,47.6276966666667,-122.328948333333
1496,47.6276783333333,-122.328948333333
1497,47.6276516666667,-122.328948333333
1498,47.6276283333333,-122.328948333333
1499,47.6276166666667,-122.328948333333
1500,47.627605,-122.328948333333
1501,47.6276016666667,-122.328948333333
1502,47.6275983333333,-122.328948333333
1503,47.6275983333333,-122.328948333333
1504,47.6275983333333,-122.328948333333
1505,47.6275983333333,-122.328948333333
1506,47.6275983333333,-122.328948333333
1507,47.6275866666667,-122.328948333333
1508,47.6275666666667,-122.328948333333
1509,47.6275516666667,-122.328948333333
1510,47.6275333333333,-122.328948333333
1511,47.6275133333333,-122.328948333333
1512,47.6275016666667,-122.328948333333
1513,47.627495,-122.328948333333
1514,47.62748,-122.328948333333
1515,47.6274683333333,-122.328948333333
1516,47.6274533333333,-122.328948333333
1517,47.6274333333333,-122.328948333333
1518,47.6274066666667,-122.328948333333
1519,47.62738,-122.328948333333
1520,47.62735,-122.328933333333
1521,47.62732,-122.328933333333
1522,47.6272883333333,-122.328948333333
1523,47.627255,-122.328948333333
1524,47.6272283333333,-122.328948333333
1525,47.6272016666667,-122.328948333333
1526,47.627175,-122.328948333333
1527,47.6271483333333,-122.328948333333
1528,47.6271166666667,-122.328948333333
1529,47.6270866666667,-122.328948333333
1530,47.6270566666667,-122.328948333333
1531,47.62703,-122.328948333333
1532,47.6269916666667,-122.328948333333
1533,47.626945,-122.328948333333
1534,47.6269033333333,-122.328948333333
1535,47.62685,-122.328948333333
1536,47.6268083333333,-122.328965
1537,47.6267583333333,-122.328965
1538,47.626705,-122.32898
1539,47.6266483333333,-122.328986666667
1540,47.6265866666667,-122.329001666667
1541,47.6265366666667,-122.329033333333
1542,47.6264916666667,-122.329048333333
1543,47.6264233333333,-122.329071666667
1544,47.62637,-122.329101666667
1545,47.626335,-122.329101666667
1546,47.6263166666667,-122.32911
1547,47.6262966666667,-122.329101666667
1548,47.6262816666667,-122.329101666667
1549,47.6262733333333,-122.329086666667
1550,47.6262633333333,-122.329086666667
1551,47.626255,-122.329071666667
1552,47.6262366666667,-122.329071666667
1553,47.626225,-122.329071666667
1554,47.626205,-122.329071666667
1555,47.6261833333333,-122.329086666667
1556,47.6261716666667,-122.329086666667
1557,47.6261566666667,-122.329101666667
1558,47.6261483333333,-122.32911
1559,47.62614,-122.32911
1560,47.62614,-122.32911
1561,47.6261366666667,-122.32911
1562,47.6261283333333,-122.32911
1563,47.6261283333333,-122.329101666667
1564,47.6261283333333,-122.329101666667
1568,47.6260983333333,-122.329193333333
1569,47.62606,-122.329291666667
1570,47.626045,-122.329345
1571,47.62603,-122.329398333333
1572,47.6260416666667,-122.329483333333
1573,47.62603,-122.329536666667
1574,47.6260066666667,-122.329605
1575,47.6259733333333,-122.329673333333
1576,47.6259383333333,-122.329741666667
1577,47.6259,-122.329826666667
1578,47.6258616666667,-122.329903333333
1579,47.6258233333333,-122.329986666667
1580,47.6257933333333,-122.33007
1581,47.6257633333333,-122.330155
1582,47.6257316666667,-122.330223333333
1583,47.6257016666667,-122.3303
1584,47.6256716666667,-122.330383333333
1585,47.6256416666667,-122.330466666667
1586,47.62561,-122.330558333333
1587,47.62558,-122.330643333333
1588,47.62556,-122.330711666667
1589,47.625545,-122.33075
1590,47.6255416666667,-122.330765
1591,47.6255416666667,-122.33078
1592,47.6255416666667,-122.33078
1593,47.6255416666667,-122.33078
1594,47.6255416666667,-122.33078
1595,47.625545,-122.33078
1596,47.625545,-122.330765
1597,47.625545,-122.330765
1598,47.625545,-122.330765
1599,47.625545,-122.33078
1600,47.625545,-122.33078
1601,47.6255383333333,-122.33081
1602,47.6255266666667,-122.330833333333
1603,47.6255116666667,-122.330886666667
1604,47.6255033333333,-122.330933333333
1605,47.6254883333333,-122.330986666667
1606,47.6254766666667,-122.33104
1607,47.625465,-122.331078333333
1608,47.6254533333333,-122.331108333333
1609,47.6254466666667,-122.331131666667
1610,47.6254466666667,-122.331146666667
1611,47.6254433333333,-122.331176666667
1612,47.6254383333333,-122.331176666667
1613,47.6254383333333,-122.331191666667
1614,47.6254383333333,-122.331191666667
1615,47.6254383333333,-122.331191666667
1616,47.6254383333333,-122.331191666667
1617,47.6254383333333,-122.331191666667
1618,47.625435,-122.3312
1619,47.6254266666667,-122.331215
1620,47.62542,-122.331245
1621,47.6254116666667,-122.331283333333
1622,47.625405,-122.331313333333
1623,47.6253933333333,-122.331366666667
1624,47.6253816666667,-122.331421666667
1625,47.6253666666667,-122.331475
1626,47.6253516666667,-122.331528333333
1627,47.625335,-122.331596666667
1628,47.6253166666667,-122.33168
1629,47.6252933333333,-122.331748333333
1630,47.625275,-122.331833333333
1631,47.6252516666667,-122.331925
1632,47.6252283333333,-122.332008333333
1633,47.6252016666667,-122.332108333333
1634,47.62518,-122.332198333333
1635,47.6251533333333,-122.332298333333
1636,47.6251266666667,-122.33239
1637,47.6251033333333,-122.332473333333
1638,47.6250883333333,-122.332541666667
1639,47.6250716666667,-122.33258
1640,47.6250616666667,-122.332626666667
1641,47.6250533333333,-122.332665
1642,47.6250416666667,-122.332703333333
1643,47.62503,-122.332733333333
1644,47.6250233333333,-122.332763333333
1645,47.6250183333333,-122.332786666667
1646,47.6250116666667,-122.332831666667
1647,47.625,-122.33287
1648,47.6249883333333,-122.332908333333
1649,47.6249816666667,-122.332955
1650,47.6249733333333,-122.332976666667
1651,47.624965,-122.333023333333
1652,47.6249583333333,-122.333046666667
1653,47.62495,-122.3331
1654,47.6249383333333,-122.333145
1655,47.6249233333333,-122.333198333333
1656,47.62492,-122.333236666667
1657,47.6249116666667,-122.333266666667
1658,47.624905,-122.33329
1659,47.624905,-122.33329
1660,47.624905,-122.33329
1661,47.624905,-122.33329
1662,47.624905,-122.33329
1663,47.624905,-122.33329
1664,47.624905,-122.33329
1665,47.624905,-122.33329
1666,47.624905,-122.33329
1667,47.624905,-122.33329
1668,47.624905,-122.33329
1669,47.624905,-122.33329
1670,47.624905,-122.33329
1671,47.624905,-122.33329
1672,47.6249,-122.333305
1673,47.6248966666667,-122.33332
1674,47.6248966666667,-122.333336666667
1675,47.6248933333333,-122.333336666667
1676,47.6248933333333,-122.333351666667
1677,47.6248933333333,-122.333351666667
1678,47.6248933333333,-122.333351666667
1679,47.6248933333333,-122.333351666667
1680,47.6248933333333,-122.333351666667
1681,47.6248933333333,-122.333351666667
1682,47.6248933333333,-122.333351666667
1683,47.6248933333333,-122.333351666667
1684,47.6248933333333,-122.333351666667
1685,47.6248933333333,-122.333358333333
1686,47.62489,-122.333373333333
1687,47.624885,-122.33339
1688,47.6248783333333,-122.333411666667
1689,47.62487,-122.333458333333
1690,47.6248633333333,-122.333481666667
1691,47.6248583333333,-122.333526666667
1692,47.6248466666667,-122.333565
1693,47.6248366666667,-122.33361
1694,47.6248283333333,-122.333633333333
1695,47.62482,-122.33368
1696,47.62481,-122.333716666667
1697,47.6247983333333,-122.333755
1698,47.6247933333333,-122.333801666667
1699,47.6247866666667,-122.33384
1700,47.6247783333333,-122.33387
1701,47.624775,-122.333908333333
1702,47.6247716666667,-122.333946666667
1703,47.6247716666667,-122.333991666667
1704,47.624775,-122.33403
1705,47.6247833333333,-122.334068333333
1706,47.6247933333333,-122.33413
1707,47.62481,-122.334151666667
1708,47.62482,-122.334183333333
1709,47.6248283333333,-122.334198333333
1710,47.6248316666667,-122.334198333333
1711,47.6248366666667,-122.334198333333
1712,47.6248366666667,-122.334198333333
1713,47.6248433333333,-122.334205
1714,47.624855,-122.334221666667
1715,47.6248633333333,-122.334236666667
1716,47.6248816666667,-122.334251666667
1717,47.6249,-122.334266666667
1718,47.6249233333333,-122.334275
1719,47.6249466666667,-122.33429
1720,47.62497,-122.33429
1721,47.6249916666667,-122.334305
1722,47.6250116666667,-122.334305
1723,47.6250266666667,-122.334305
1724,47.6250416666667,-122.334305
1725,47.6250533333333,-122.334305
1726,47.625065,-122.334305
1727,47.6250766666667,-122.334305
1728,47.6250833333333,-122.334305
1729,47.6250883333333,-122.334305
1730,47.6250916666667,-122.334305
1731,47.6250916666667,-122.334305
1732,47.6250916666667,-122.334305
1733,47.6250916666667,-122.334305
1734,47.6250916666667,-122.334305
1735,47.6250916666667,-122.334305
1736,47.6250916666667,-122.334305
1737,47.6250916666667,-122.334305
1738,47.6250916666667,-122.334305
1739,47.6250916666667,-122.334305
1740,47.6250916666667,-122.334305
1741,47.625095,-122.334305
1742,47.625095,-122.334305
1743,47.625095,-122.334305
1744,47.625095,-122.334305
1745,47.625095,-122.334305
1746,47.6251,-122.334305
1747,47.6251,-122.334305
1748,47.6251,-122.334305
1749,47.6251,-122.334305
1750,47.6251,-122.334305
1751,47.6251,-122.334305
1752,47.6251,-122.334305
1753,47.6251033333333,-122.334305
1754,47.6251033333333,-122.334305
1755,47.6251033333333,-122.334305
1756,47.6251033333333,-122.334305
1757,47.6251033333333,-122.334305
1758,47.62511,-122.334305
1759,47.6251183333333,-122.334305
1760,47.6251183333333,-122.334305
1761,47.6251216666667,-122.334305
1762,47.6251266666667,-122.334305
1763,47.6251416666667,-122.334305
1764,47.6251566666667,-122.334305
1765,47.62518,-122.33432
1766,47.6251983333333,-122.33432
1767,47.625225,-122.33432
1768,47.625255,-122.33432
1769,47.62529,-122.33432
1770,47.6253316666667,-122.33432
1771,47.6253816666667,-122.33432
1772,47.6254433333333,-122.33432
1773,47.6255033333333,-122.33432
1774,47.6255566666667,-122.33432
1775,47.62561,-122.33432
1776,47.62566,-122.33432
1777,47.62571,-122.334328333333
1778,47.6257583333333,-122.334343333333
1779,47.625805,-122.334373333333
1780,47.62584,-122.334411666667
1781,47.62587,-122.33448
1782,47.625885,-122.334533333333
1783,47.6258933333333,-122.334618333333
1784,47.6258816666667,-122.334701666667
1785,47.6258616666667,-122.334793333333
1786,47.625835,-122.334891666667
1787,47.6258166666667,-122.334983333333
1788,47.625805,-122.335083333333
1789,47.6257933333333,-122.335175
1790,47.625785,-122.335273333333
1791,47.625785,-122.335373333333
1792,47.625785,-122.33545
1793,47.625785,-122.335518333333
1794,47.625785,-122.335586666667
1795,47.625785,-122.33564
1796,47.625785,-122.33567
1797,47.625785,-122.335685
1798,47.625785,-122.335685
1799,47.625785,-122.335701666667
1800,47.625785,-122.335701666667
1801,47.62579,-122.335708333333
1802,47.62579,-122.335723333333
1803,47.62579,-122.335738333333
1804,47.62579,-122.335761666667
1805,47.6257933333333,-122.335793333333
1806,47.6257966666667,-122.335823333333
1807,47.625805,-122.335861666667
1808,47.6258133333333,-122.3359
1809,47.6258166666667,-122.33596
1810,47.6258233333333,-122.336013333333
1811,47.6258283333333,-122.336066666667
1812,47.6258316666667,-122.336105
1813,47.6258316666667,-122.336136666667
1814,47.6258283333333,-122.336151666667
1815,47.6258233333333,-122.336158333333
1816,47.6258233333333,-122.336158333333
1817,47.62582,-122.336158333333
1818,47.62582,-122.336158333333
1819,47.62582,-122.336158333333
1820,47.62582,-122.336158333333
1821,47.6258166666667,-122.336158333333
1822,47.6258166666667,-122.336158333333
1823,47.6258166666667,-122.336158333333
1824,47.6258133333333,-122.336158333333
1825,47.6258133333333,-122.336158333333
1826,47.6258133333333,-122.336158333333
1827,47.6258133333333,-122.336158333333
1828,47.6258083333333,-122.336158333333
1829,47.6258083333333,-122.336158333333
1830,47.6258083333333,-122.336158333333
1831,47.6258083333333,-122.336173333333
1832,47.6258083333333,-122.33619
1833,47.6258133333333,-122.336226666667
1834,47.6258133333333,-122.33628
1835,47.6258133333333,-122.336365
1836,47.6258166666667,-122.336448333333
1837,47.6258166666667,-122.336555
1838,47.62582,-122.33667
1839,47.6258233333333,-122.336776666667
1840,47.6258233333333,-122.336883333333
1841,47.6258233333333,-122.336998333333
1842,47.6258233333333,-122.33709
1843,47.62582,-122.337188333333
1844,47.62582,-122.33728
1845,47.62582,-122.337365
1846,47.62582,-122.337418333333
1847,47.62582,-122.337471666667
1848,47.62582,-122.337501666667
1849,47.62582,-122.337516666667
1850,47.62582,-122.337525
1851,47.62582,-122.33754
1852,47.62582,-122.33757
1853,47.62582,-122.337623333333
1854,47.62582,-122.337661666667
1855,47.62582,-122.337723333333
1856,47.62582,-122.337745
1857,47.62582,-122.337761666667
1858,47.62582,-122.337761666667
1859,47.6258166666667,-122.337761666667
1860,47.6258166666667,-122.337761666667
1861,47.6258166666667,-122.337761666667
1862,47.6258166666667,-122.337761666667
1863,47.6258133333333,-122.337761666667
1864,47.6258133333333,-122.337761666667
1865,47.6258133333333,-122.337761666667
1866,47.6258133333333,-122.337761666667
1867,47.6258133333333,-122.337776666667
1868,47.6258133333333,-122.337783333333
1869,47.6258133333333,-122.33783
1870,47.6258083333333,-122.337898333333
1871,47.6258083333333,-122.337981666667
1872,47.6258083333333,-122.338043333333
1873,47.6258083333333,-122.338126666667
1874,47.6258083333333,-122.33818
1875,47.6258083333333,-122.338241666667
1876,47.6258083333333,-122.338265
1877,47.6258083333333,-122.338295
1878,47.6258083333333,-122.338333333333
1879,47.6258083333333,-122.338386666667
1880,47.6258083333333,-122.338455
1881,47.6258083333333,-122.338508333333
1882,47.62582,-122.338576666667
1883,47.6258433333333,-122.33863
1884,47.625885,-122.338691666667
1885,47.6259383333333,-122.33873
1886,47.6260033333333,-122.338783333333
1887,47.62608,-122.338828333333
1888,47.6261633333333,-122.33889
1889,47.626255,-122.338951666667
1890,47.6263433333333,-122.33902
1891,47.6264266666667,-122.339073333333
1892,47.626515,-122.339141666667
1893,47.6265983333333,-122.339195
1894,47.6266816666667,-122.339248333333
1895,47.6267616666667,-122.339301666667
1896,47.6268416666667,-122.339355
1897,47.626915,-122.339416666667
1898,47.6269916666667,-122.33947
1899,47.6270633333333,-122.339523333333
1900,47.6271366666667,-122.339561666667
1901,47.627205,-122.339615
1902,47.62727,-122.33966
1903,47.6273383333333,-122.339713333333
1904,47.6274033333333,-122.339751666667
1905,47.627475,-122.339805
1906,47.6275483333333,-122.339866666667
1907,47.6276283333333,-122.33992
1908,47.6277083333333,-122.339973333333
1909,47.6277966666667,-122.340041666667
1910,47.6278916666667,-122.34011
1911,47.6279866666667,-122.34018
1912,47.6280866666667,-122.340248333333
1913,47.6281966666667,-122.340325
1914,47.6283116666667,-122.340408333333
1915,47.6284216666667,-122.340491666667
1916,47.6285366666667,-122.340576666667
1917,47.62865,-122.340651666667
1918,47.6287683333333,-122.340721666667
1919,47.6288866666667,-122.34079
1920,47.6290166666667,-122.34085
1921,47.6291466666667,-122.340888333333
1922,47.62928,-122.340911666667
1923,47.6294216666667,-122.340941666667
1924,47.629555,-122.340941666667
1925,47.6296916666667,-122.340941666667
1926,47.6298366666667,-122.340941666667
1927,47.6299783333333,-122.340941666667
1928,47.63012,-122.340941666667
1929,47.630265,-122.340941666667
1930,47.6304016666667,-122.340941666667
1931,47.6305433333333,-122.340941666667
1932,47.6306833333333,-122.340926666667
1933,47.6308216666667,-122.340926666667
1934,47.630955,-122.340926666667
1935,47.6310883333333,-122.340926666667
1936,47.631225,-122.340926666667
1937,47.6313633333333,-122.340926666667
1938,47.6314966666667,-122.340926666667
1939,47.63163,-122.340926666667
1940,47.63176,-122.340926666667
1941,47.631885,-122.340911666667
1942,47.6320083333333,-122.340911666667
1943,47.63213,-122.340911666667
1944,47.6322483333333,-122.340905
1945,47.6323616666667,-122.340873333333
1946,47.632485,-122.34085
1947,47.632595,-122.34082
1948,47.632705,-122.340781666667
1949,47.6328166666667,-122.340736666667
1950,47.6329266666667,-122.340698333333
1951,47.6330416666667,-122.340651666667
1952,47.6331666666667,-122.340615
1953,47.6332933333333,-122.340576666667
1954,47.6334233333333,-122.340523333333
1955,47.6335533333333,-122.340476666667
1956,47.63369,-122.340453333333
1957,47.6338233333333,-122.340423333333
1958,47.6339683333333,-122.340393333333
1959,47.634105,-122.340393333333
1960,47.63424,-122.340393333333
1961,47.6343683333333,-122.340393333333
1962,47.6344716666667,-122.340393333333
1963,47.63459,-122.34037
1964,47.6347166666667,-122.34037
1965,47.63485,-122.34037
1966,47.63499,-122.340385
1967,47.6351316666667,-122.340385
1968,47.6352766666667,-122.340385
1969,47.635425,-122.340385
1970,47.6355783333333,-122.340393333333
1971,47.63573,-122.340393333333
1972,47.6358866666667,-122.340393333333
1973,47.63604,-122.340393333333
1974,47.6361916666667,-122.340408333333
1975,47.6363366666667,-122.340408333333
1976,47.63649,-122.340408333333
1977,47.6366383333333,-122.340408333333
1978,47.6367916666667,-122.340408333333
1979,47.6369433333333,-122.340408333333
1980,47.6370933333333,-122.340423333333
1981,47.6372416666667,-122.340438333333
1982,47.6373866666667,-122.340476666667
1983,47.6375383333333,-122.340523333333
1984,47.6376833333333,-122.340576666667
1985,47.6378333333333,-122.34063
1986,47.6379816666667,-122.340713333333
1987,47.63813,-122.34079
1988,47.6382833333333,-122.340873333333
1989,47.6384316666667,-122.340958333333
1990,47.6385833333333,-122.34105
1991,47.638745,-122.341133333333
1992,47.6388966666667,-122.341231666667
1993,47.6390533333333,-122.341308333333
1994,47.6392133333333,-122.341408333333
1995,47.63937,-122.341491666667
1996,47.6395266666667,-122.341583333333
1997,47.6396783333333,-122.341681666667
1998,47.6398316666667,-122.341773333333
1999,47.6399833333333,-122.341873333333
2000,47.640145,-122.34198
2001,47.6403,-122.342078333333
2002,47.6404533333333,-122.34217
2003,47.6406133333333,-122.34227
2004,47.6407733333333,-122.342376666667
2005,47.6409383333333,-122.342476666667
2006,47.641105,-122.342583333333
2007,47.64127,-122.342675
2008,47.6414333333333,-122.342788333333
2009,47.6415933333333,-122.34288
2010,47.6417533333333,-122.34298
2011,47.64191,-122.343086666667
2012,47.64207,-122.343185
2013,47.6422266666667,-122.343276666667
2014,47.64238,-122.343391666667
2015,47.6425283333333,-122.343498333333
2016,47.64267,-122.34362
2017,47.64281,-122.343726666667
2018,47.6429516666667,-122.34385
2019,47.6430933333333,-122.343978333333
2020,47.643235,-122.344101666667
2021,47.643375,-122.344223333333
2022,47.6435166666667,-122.34433
2023,47.64365,-122.344451666667
2024,47.64378,-122.344566666667
2025,47.6439016666667,-122.344688333333
2026,47.6440116666667,-122.344825
2027,47.6441033333333,-122.34497
2028,47.6441883333333,-122.345138333333
2029,47.644265,-122.345313333333
2030,47.6443483333333,-122.345505
2031,47.6444283333333,-122.34571
2032,47.6445166666667,-122.345916666667
2033,47.6446,-122.346123333333
2034,47.6446883333333,-122.346328333333
2035,47.6447716666667,-122.346541666667
2036,47.644855,-122.346733333333
2037,47.64494,-122.346938333333
2038,47.64502,-122.347145
2039,47.6451033333333,-122.347351666667
2040,47.64518,-122.347556666667
2041,47.6452633333333,-122.347763333333
2042,47.6453433333333,-122.347961666667
2043,47.6454283333333,-122.348151666667
2044,47.6455,-122.34835
2045,47.64558,-122.348541666667
2046,47.64566,-122.348716666667
2047,47.6457483333333,-122.348906666667
2048,47.6458316666667,-122.349083333333
2049,47.6459266666667,-122.34925
2050,47.6460183333333,-122.349411666667
2051,47.64611,-122.349563333333
2052,47.64619,-122.349716666667
2053,47.6462633333333,-122.349861666667
2054,47.6463283333333,-122.349998333333
2055,47.6463883333333,-122.350151666667
2056,47.6464466666667,-122.350288333333
2057,47.6465,-122.35041
2058,47.6465416666667,-122.350501666667
2059,47.64658,-122.350601666667
2060,47.6466133333333,-122.350685
2061,47.64664,-122.350753333333
2062,47.6466666666667,-122.350806666667
2063,47.6466833333333,-122.350845
2064,47.6466983333333,-122.350876666667
2065,47.6467016666667,-122.350891666667
2066,47.6467016666667,-122.350898333333
2067,47.646705,-122.350898333333
2068,47.646705,-122.350898333333
2069,47.646705,-122.350913333333
2070,47.646705,-122.350913333333
2071,47.646705,-122.350913333333
2072,47.646705,-122.350913333333
2073,47.646705,-122.350913333333
2074,47.6467016666667,-122.350898333333
2075,47.6467016666667,-122.350898333333
2076,47.6467016666667,-122.350898333333
2077,47.6467016666667,-122.350913333333
2078,47.64671,-122.35093
2079,47.646725,-122.350951666667
2080,47.6467516666667,-122.351013333333
2081,47.646785,-122.35109
2082,47.6468283333333,-122.351173333333
2083,47.6468666666667,-122.35128
2084,47.6469033333333,-122.351395
2085,47.64693,-122.351501666667
2086,47.6469383333333,-122.351638333333
2087,47.6469416666667,-122.351776666667
2088,47.6469416666667,-122.351913333333
2089,47.6469416666667,-122.352066666667
2090,47.6469383333333,-122.352211666667
2091,47.6469383333333,-122.352363333333
2092,47.646935,-122.352501666667
2093,47.646935,-122.352653333333
2094,47.64693,-122.352783333333
2095,47.64693,-122.352951666667
2096,47.64693,-122.353088333333
2097,47.6469266666667,-122.353241666667
2098,47.6469233333333,-122.353386666667
2099,47.6469233333333,-122.353538333333
2100,47.64692,-122.353691666667
2101,47.64692,-122.353836666667
2102,47.646915,-122.353988333333
2103,47.646915,-122.354148333333
2104,47.646915,-122.354316666667
2105,47.646915,-122.354476666667
2106,47.646915,-122.354645
2107,47.6469116666667,-122.354805
2108,47.6469116666667,-122.354973333333
2109,47.6469083333333,-122.355125
2110,47.6469083333333,-122.355285
2111,47.6469083333333,-122.355423333333
2112,47.6469083333333,-122.35556
2113,47.6469033333333,-122.355681666667
2114,47.6469033333333,-122.355805
2115,47.6469033333333,-122.355941666667
2116,47.6469,-122.356063333333
2117,47.6469,-122.356201666667
2118,47.6469,-122.356338333333
2119,47.6469,-122.356475
2120,47.6469,-122.356598333333
2121,47.6469,-122.35672
2122,47.6469,-122.356818333333
2123,47.6468933333333,-122.356873333333
2124,47.6468666666667,-122.35691
2125,47.646835,-122.35691
2126,47.6467966666667,-122.356926666667
2127,47.64674,-122.356926666667
2128,47.6466866666667,-122.356926666667
2129,47.6466333333333,-122.356926666667
2130,47.6465766666667,-122.35691
2131,47.6465266666667,-122.35691
2132,47.6464733333333,-122.35691
2133,47.6464116666667,-122.35691
2134,47.6463516666667,-122.35691
2135,47.6462816666667,-122.35691
2136,47.6462133333333,-122.356926666667
2137,47.6461416666667,-122.356926666667
2138,47.6460683333333,-122.356926666667
2139,47.6460083333333,-122.356926666667
2140,47.6459583333333,-122.356926666667
2141,47.6459233333333,-122.356926666667
2142,47.6458933333333,-122.356941666667
2143,47.645855,-122.356926666667
2144,47.645805,-122.356926666667
2145,47.645745,-122.35691
2146,47.6456716666667,-122.356895
2147,47.645595,-122.356895
2148,47.64552,-122.35691
2149,47.645435,-122.35691
2150,47.645355,-122.35691
2151,47.6452716666667,-122.356926666667
2152,47.645195,-122.356926666667
2153,47.6451266666667,-122.356926666667
2154,47.6450733333333,-122.356926666667
2155,47.6450383333333,-122.356926666667
2156,47.64502,-122.356926666667
2157,47.6449883333333,-122.356941666667
2158,47.6449433333333,-122.356941666667
2159,47.6448783333333,-122.356926666667
2160,47.6448066666667,-122.35691
2161,47.644725,-122.356895
2162,47.64465,-122.356895
2163,47.64457,-122.356895
2164,47.6444933333333,-122.356895
2165,47.64442,-122.356895
2166,47.644355,-122.356895
2167,47.6442916666667,-122.35691
2168,47.6442383333333,-122.35691
2169,47.644195,-122.356926666667
2170,47.6441566666667,-122.356941666667
2171,47.64412,-122.356956666667
2172,47.64407,-122.356941666667
2173,47.6440166666667,-122.356926666667
2174,47.6439516666667,-122.35691
2175,47.6438783333333,-122.35691
2176,47.6438066666667,-122.35691
2177,47.6437333333333,-122.35691
2178,47.6436616666667,-122.356895
2179,47.6435966666667,-122.356895
2180,47.6435316666667,-122.356895
2181,47.6434666666667,-122.356895
2182,47.6434016666667,-122.35691
2183,47.6433483333333,-122.35691
2184,47.6433066666667,-122.356926666667
2185,47.6432566666667,-122.356941666667
2186,47.6432083333333,-122.356941666667
2187,47.6431466666667,-122.356941666667
2188,47.6430733333333,-122.356926666667
2189,47.6429933333333,-122.35691
2190,47.6429066666667,-122.35691
2191,47.6428066666667,-122.35691
2192,47.6427033333333,-122.35691
2193,47.6425966666667,-122.35691
2194,47.6424983333333,-122.35691
2195,47.642395,-122.35691
2196,47.6422916666667,-122.35691
2197,47.6421883333333,-122.35691
2198,47.6420966666667,-122.35691
2199,47.64201,-122.356926666667
2200,47.64193,-122.356926666667
2201,47.64185,-122.356926666667
2202,47.6417733333333,-122.356926666667
2203,47.6416966666667,-122.356941666667
2204,47.641625,-122.356941666667
2205,47.6415716666667,-122.356941666667
2206,47.6415283333333,-122.356941666667
2207,47.6415066666667,-122.356941666667
2208,47.6414916666667,-122.356941666667
2209,47.6414683333333,-122.356941666667
2210,47.6414266666667,-122.356941666667
2211,47.641365,-122.356941666667
2212,47.6412883333333,-122.356926666667
2213,47.641205,-122.356926666667
2214,47.64111,-122.356926666667
2215,47.64101,-122.356926666667
2216,47.6409116666667,-122.356926666667
2217,47.6408116666667,-122.356926666667
2218,47.6407166666667,-122.356926666667
2219,47.6406283333333,-122.356926666667
2220,47.640545,-122.356926666667
2221,47.6404616666667,-122.356926666667
2222,47.6403766666667,-122.356926666667
2223,47.64029,-122.356926666667
2224,47.640205,-122.356926666667
2225,47.6401183333333,-122.356926666667
2226,47.64003,-122.356926666667
2227,47.63995,-122.356926666667
2228,47.63987,-122.356926666667
2229,47.6398016666667,-122.356941666667
2230,47.63974,-122.356941666667
2231,47.639695,-122.356941666667
2232,47.6396683333333,-122.356956666667
2233,47.6396516666667,-122.356956666667
2234,47.6396333333333,-122.356956666667
2235,47.63961,-122.35698
2236,47.6395916666667,-122.357033333333
2237,47.63958,-122.357101666667
2238,47.6395766666667,-122.3572
2239,47.6395766666667,-122.357306666667
2240,47.6395766666667,-122.35743
2241,47.6395766666667,-122.357551666667
2242,47.6395766666667,-122.357673333333
2243,47.6395766666667,-122.357803333333
2244,47.6395766666667,-122.357925
2245,47.6395716666667,-122.358031666667
2246,47.63956,-122.358123333333
2247,47.63953,-122.358191666667
2248,47.6394883333333,-122.358223333333
2249,47.639435,-122.358253333333
2250,47.639385,-122.358253333333
2251,47.6393316666667,-122.358253333333
2252,47.639275,-122.358253333333
2253,47.6392166666667,-122.358253333333
2254,47.6391566666667,-122.358261666667
2255,47.639095,-122.358261666667
2256,47.639035,-122.358261666667
2257,47.6389766666667,-122.358261666667
2258,47.6389166666667,-122.358261666667
2259,47.6388516666667,-122.358261666667
2260,47.63879,-122.358261666667
2261,47.6387283333333,-122.358261666667
2262,47.6386683333333,-122.358261666667
2263,47.638615,-122.358261666667
2264,47.6385566666667,-122.358261666667
2265,47.638515,-122.358261666667
2266,47.63847,-122.358261666667
2267,47.6384316666667,-122.358261666667
2268,47.63839,-122.358276666667
2269,47.6383366666667,-122.358261666667
2270,47.638275,-122.358261666667
2271,47.6382183333333,-122.358261666667
2272,47.63816,-122.358261666667
2273,47.6381116666667,-122.358261666667
2274,47.638065,-122.358261666667
2275,47.6380266666667,-122.358276666667
2276,47.637985,-122.358276666667
2277,47.6379516666667,-122.358276666667
2278,47.6379083333333,-122.358276666667
2279,47.6378633333333,-122.358261666667
2280,47.63781,-122.358261666667
2281,47.6377533333333,-122.358261666667
2282,47.6377033333333,-122.358261666667
2283,47.6376533333333,-122.358261666667
2284,47.6376083333333,-122.358276666667
2285,47.6375766666667,-122.358306666667
2286,47.6375583333333,-122.358306666667
2287,47.6375383333333,-122.358306666667
2288,47.6375166666667,-122.358306666667
2289,47.6375,-122.358306666667
2290,47.6374783333333,-122.358306666667
2291,47.6374633333333,-122.358306666667
2292,47.6374466666667,-122.358306666667
2293,47.63744,-122.358306666667
2294,47.6374366666667,-122.358306666667
2295,47.6374366666667,-122.358306666667
2296,47.6374366666667,-122.358306666667
2297,47.6374366666667,-122.358306666667
2298,47.6374366666667,-122.358306666667
2299,47.6374366666667,-122.358306666667
2300,47.6374366666667,-122.358306666667
2301,47.6374366666667,-122.358306666667
2302,47.6374366666667,-122.358306666667
2303,47.6374366666667,-122.358306666667
2304,47.6374366666667,-122.358306666667
2305,47.6374366666667,-122.358306666667
2306,47.6374366666667,-122.358306666667
2307,47.6374366666667,-122.358306666667
2308,47.63744,-122.358306666667
2309,47.63744,-122.358306666667
2310,47.63744,-122.358306666667
2311,47.63744,-122.358306666667
2312,47.63744,-122.358306666667
2313,47.63744,-122.358306666667
2314,47.6374433333333,-122.358306666667
2315,47.6374433333333,-122.358306666667
2316,47.6374433333333,-122.358306666667
2317,47.6374433333333,-122.358306666667
2318,47.6374433333333,-122.358306666667
2319,47.6374433333333,-122.358306666667
2320,47.6374433333333,-122.358306666667
2321,47.6374433333333,-122.358306666667
2322,47.6374433333333,-122.358306666667
2323,47.6374433333333,-122.358306666667
2324,47.6374433333333,-122.358306666667
2325,47.6374433333333,-122.358306666667
2326,47.6374433333333,-122.358306666667
2327,47.6374433333333,-122.358306666667
2328,47.6374433333333,-122.358306666667
2329,47.6374433333333,-122.358306666667
2330,47.6374433333333,-122.358306666667
2331,47.6374433333333,-122.358306666667
2332,47.6374433333333,-122.358306666667
2333,47.6374433333333,-122.358306666667
2334,47.6374433333333,-122.358306666667
2335,47.6374433333333,-122.358306666667
2336,47.6374433333333,-122.358306666667
2337,47.6374433333333,-122.358306666667
2338,47.6374433333333,-122.358306666667
2339,47.6374433333333,-122.358306666667
2340,47.6374433333333,-122.358306666667
2341,47.6374433333333,-122.358306666667
2342,47.6374433333333,-122.358306666667
2343,47.6374433333333,-122.358306666667
2344,47.6374433333333,-122.358306666667
2345,47.6374433333333,-122.358306666667
2346,47.6374433333333,-122.358306666667
2347,47.6374433333333,-122.358306666667
2348,47.6374433333333,-122.358306666667
2349,47.6374433333333,-122.358306666667
2350,47.6374433333333,-122.358306666667
2351,47.6374433333333,-122.358306666667
2352,47.6374433333333,-122.358306666667
2353,47.6374433333333,-122.358306666667
2354,47.6374433333333,-122.358306666667
2355,47.6374433333333,-122.358306666667
2356,47.6374433333333,-122.358306666667
2357,47.6374433333333,-122.358306666667
2358,47.6374433333333,-122.358306666667
2359,47.6374433333333,-122.358306666667
2360,47.6374466666667,-122.358306666667
2361,47.6374466666667,-122.358306666667
2362,47.6374466666667,-122.358306666667
2363,47.6374516666667,-122.358306666667
2364,47.6374516666667,-122.358306666667
2365,47.6374516666667,-122.358306666667
2366,47.637455,-122.358306666667
2367,47.637455,-122.358306666667
2368,47.637455,-122.358306666667
2369,47.637455,-122.358306666667
2370,47.6374583333333,-122.358306666667