0,47.66972,-122.136421666667
1,47.6697466666667,-122.136513333333
2,47.66975,-122.136596666667
3,47.6697533333333,-122.136696666667
4,47.6697533333333,-122.136803333333
5,47.66975,-122.13691
6,47.66975,-122.137023333333
7,47.66975,-122.137146666667
8,47.66975,-122.137268333333
9,47.6697583333333,-122.137375
10,47.669765,-122.137473333333
11,47.6697766666667,-122.137565
12,47.66978,-122.137635
13,47.6697766666667,-122.13768
14,47.6697733333333,-122.137688333333
15,47.669765,-122.137703333333
16,47.66975,-122.137733333333
17,47.66972,-122.137741666667
18,47.6696733333333,-122.137771666667
19,47.6696016666667,-122.137801666667
20,47.66951,-122.137801666667
21,47.6694033333333,-122.137801666667
22,47.6692966666667,-122.137801666667
23,47.669185,-122.137801666667
24,47.6690666666667,-122.137801666667
25,47.6689416666667,-122.13781
26,47.6688116666667,-122.13781
27,47.6686816666667,-122.13781
28,47.6685483333333,-122.137825
29,47.6684183333333,-122.137825
30,47.668305,-122.137825
31,47.6681983333333,-122.13781
32,47.6680983333333,-122.13781
33,47.668015,-122.13781
34,47.6679416666667,-122.137825
35,47.6679,-122.137825
36,47.6678816666667,-122.13784
37,47.6678816666667,-122.13784
38,47.6678816666667,-122.13784
39,47.6678616666667,-122.137855
40,47.6678433333333,-122.137893333333
41,47.6678283333333,-122.137961666667
42,47.66782,-122.138061666667
43,47.6678166666667,-122.138168333333
44,47.6678166666667,-122.138305
45,47.6678116666667,-122.138443333333
46,47.66782,-122.138603333333
47,47.6678233333333,-122.138793333333
48,47.6678283333333,-122.138985
49,47.6678283333333,-122.139175
50,47.6678283333333,-122.139396666667
51,47.6678283333333,-122.139618333333
52,47.6678316666667,-122.139846666667
53,47.667835,-122.140083333333
54,47.6678466666667,-122.140326666667
55,47.667855,-122.140556666667
56,47.667855,-122.140793333333
57,47.6678616666667,-122.141021666667
58,47.667865,-122.141243333333
59,47.66787,-122.141456666667
60,47.6678816666667,-122.141678333333
61,47.6678883333333,-122.141898333333
62,47.6678916666667,-122.142105
63,47.6678883333333,-122.14228
64,47.6678883333333,-122.142433333333
65,47.667885,-122.142555
66,47.667885,-122.142646666667
67,47.6678766666667,-122.142715
68,47.6678733333333,-122.142768333333
69,47.66787,-122.142815
70,47.66787,-122.14283
71,47.6678733333333,-122.142838333333
72,47.6678733333333,-122.142838333333
73,47.6678733333333,-122.142838333333
74,47.6678733333333,-122.142838333333
75,47.6678733333333,-122.142838333333
76,47.6678733333333,-122.142838333333
77,47.6678733333333,-122.142838333333
78,47.6678733333333,-122.142838333333
79,47.6678733333333,-122.14283
80,47.6678733333333,-122.14283
81,47.6678733333333,-122.14283
82,47.6678733333333,-122.142838333333
83,47.6678733333333,-122.142868333333
84,47.66787,-122.142906666667
85,47.667865,-122.14296
86,47.66785,-122.14302
87,47.6678233333333,-122.143073333333
88,47.667785,-122.143126666667
89,47.6677283333333,-122.143165
90,47.6676666666667,-122.143196666667
91,47.6675983333333,-122.143211666667
92,47.6675266666667,-122.143211666667
93,47.6674383333333,-122.143211666667
94,47.66735,-122.143211666667
95,47.667255,-122.143211666667
96,47.6671516666667,-122.143211666667
97,47.667045,-122.143218333333
98,47.6669316666667,-122.143218333333
99,47.6668166666667,-122.143218333333
100,47.666695,-122.143218333333
101,47.6665683333333,-122.143218333333
102,47.6664433333333,-122.143218333333
103,47.6663133333333,-122.143218333333
104,47.6661766666667,-122.143218333333
105,47.6660416666667,-122.143235
106,47.665905,-122.143235
107,47.6657566666667,-122.143235
108,47.6656116666667,-122.143235
109,47.6654616666667,-122.143235
110,47.66531,-122.14325
111,47.6651533333333,-122.14325
112,47.6649966666667,-122.14325
113,47.664845,-122.14325
114,47.6646883333333,-122.14325
115,47.664535,-122.143265
116,47.6643833333333,-122.143265
117,47.66423,-122.143265
118,47.6640816666667,-122.143265
119,47.66394,-122.143265
120,47.663795,-122.14328
121,47.663655,-122.14328
122,47.663505,-122.14328
123,47.66336,-122.14328
124,47.663215,-122.14328
125,47.6630666666667,-122.14328
126,47.6629216666667,-122.143288333333
127,47.6627733333333,-122.143288333333
128,47.662625,-122.143288333333
129,47.6624716666667,-122.143303333333
130,47.6623083333333,-122.143318333333
131,47.6621316666667,-122.143333333333
132,47.6619533333333,-122.143348333333
133,47.6617616666667,-122.143356666667
134,47.661575,-122.143356666667
135,47.6613916666667,-122.143371666667
136,47.6612083333333,-122.143371666667
137,47.6610333333333,-122.143371666667
138,47.6608583333333,-122.143371666667
139,47.66069,-122.143386666667
140,47.6605266666667,-122.143386666667
141,47.6603583333333,-122.143386666667
142,47.6601866666667,-122.143386666667
143,47.6600066666667,-122.143386666667
144,47.659825,-122.143386666667
145,47.6596366666667,-122.143371666667
146,47.6594466666667,-122.143356666667
147,47.6592516666667,-122.143356666667
148,47.659065,-122.143356666667
149,47.6588816666667,-122.143356666667
150,47.6586983333333,-122.143356666667
151,47.6585233333333,-122.143356666667
152,47.6583483333333,-122.143356666667
153,47.6581766666667,-122.143348333333
154,47.658005,-122.143348333333
155,47.6578333333333,-122.143333333333
156,47.6576616666667,-122.143333333333
157,47.6574933333333,-122.143333333333
158,47.657325,-122.143333333333
159,47.6571583333333,-122.143318333333
160,47.6569866666667,-122.143318333333
161,47.6568183333333,-122.143318333333
162,47.6566466666667,-122.143318333333
163,47.6564783333333,-122.143318333333
164,47.6563066666667,-122.143303333333
165,47.656135,-122.143288333333
166,47.6559716666667,-122.14328
167,47.655815,-122.14328
168,47.65567,-122.14328
169,47.655545,-122.14328
170,47.6554366666667,-122.14328
171,47.6553466666667,-122.14328
172,47.6552766666667,-122.14328
173,47.6552166666667,-122.14328
174,47.6551816666667,-122.143288333333
175,47.65517,-122.143288333333
176,47.6551633333333,-122.143288333333
177,47.6551633333333,-122.143288333333
178,47.6551666666667,-122.143288333333
179,47.6551666666667,-122.143288333333
180,47.65517,-122.143288333333
181,47.65517,-122.143288333333
182,47.65517,-122.143288333333
183,47.655175,-122.143288333333
184,47.655175,-122.143288333333
185,47.655175,-122.143288333333
186,47.6551783333333,-122.143288333333
187,47.6551783333333,-122.143288333333
188,47.6551783333333,-122.143288333333
189,47.6551816666667,-122.143288333333
190,47.6551816666667,-122.143288333333
191,47.655185,-122.143288333333
192,47.655185,-122.143288333333
193,47.65519,-122.143288333333
194,47.65519,-122.143288333333
195,47.6551933333333,-122.143288333333
196,47.6551933333333,-122.143288333333
197,47.6551966666667,-122.143288333333
198,47.6551966666667,-122.143288333333
199,47.6551966666667,-122.143288333333
200,47.6552016666667,-122.143288333333
201,47.6552016666667,-122.14328
202,47.6552016666667,-122.14328
203,47.655205,-122.14328
204,47.655205,-122.14328
205,47.655205,-122.14328
206,47.6552083333333,-122.14328
207,47.6552083333333,-122.14328
208,47.6552083333333,-122.14328
209,47.6552116666667,-122.14328
210,47.6552116666667,-122.14328
211,47.6552116666667,-122.14328
212,47.6552116666667,-122.14328
213,47.6552116666667,-122.14328
214,47.6552116666667,-122.14328
215,47.6551966666667,-122.14328
216,47.6551583333333,-122.14328
217,47.655105,-122.143265
218,47.6550483333333,-122.143235
219,47.6549983333333,-122.143165
220,47.654965,-122.143073333333
221,47.65495,-122.142936666667
222,47.65493,-122.142783333333
223,47.654915,-122.142623333333
224,47.654895,-122.14244
225,47.6548766666667,-122.142265
226,47.6548533333333,-122.142075
227,47.6548266666667,-122.141883333333
228,47.6548083333333,-122.141678333333
229,47.654785,-122.141456666667
230,47.6547666666667,-122.141258333333
231,47.6547433333333,-122.141051666667
232,47.65472,-122.140831666667
233,47.6547016666667,-122.14061
234,47.6546816666667,-122.140396666667
235,47.654655,-122.140175
236,47.6546333333333,-122.139968333333
237,47.6546016666667,-122.139763333333
238,47.6545683333333,-122.139571666667
239,47.6545366666667,-122.139396666667
240,47.6545033333333,-122.139236666667
241,47.6544416666667,-122.139098333333
242,47.6543466666667,-122.138985
243,47.6542316666667,-122.138893333333
244,47.6541016666667,-122.138793333333
245,47.6539566666667,-122.138671666667
246,47.653805,-122.138565
247,47.65364,-122.138458333333
248,47.653465,-122.138358333333
249,47.6532783333333,-122.138275
250,47.65308,-122.138221666667
251,47.65287,-122.138153333333
252,47.6526566666667,-122.1381
253,47.6524383333333,-122.138031666667
254,47.6522183333333,-122.137978333333
255,47.6519966666667,-122.137908333333
256,47.651775,-122.13784
257,47.6515533333333,-122.137771666667
258,47.6513283333333,-122.137688333333
259,47.6511033333333,-122.137596666667
260,47.6508783333333,-122.137496666667
261,47.6506583333333,-122.13739
262,47.6504333333333,-122.137283333333
263,47.6502116666667,-122.137168333333
264,47.64999,-122.137046666667
265,47.649765,-122.13694
266,47.64954,-122.136833333333
267,47.6493116666667,-122.136718333333
268,47.6490866666667,-122.136611666667
269,47.648865,-122.136513333333
270,47.64864,-122.136406666667
271,47.648415,-122.136298333333
272,47.64819,-122.136185
273,47.64796,-122.136093333333
274,47.647735,-122.135978333333
275,47.64751,-122.135871666667
276,47.6472816666667,-122.135765
277,47.6470533333333,-122.135666666667
278,47.6468233333333,-122.135558333333
279,47.646595,-122.135451666667
280,47.6463616666667,-122.135338333333
281,47.64613,-122.135231666667
282,47.6458933333333,-122.135125
283,47.6456566666667,-122.135025
284,47.6454116666667,-122.134918333333
285,47.6451683333333,-122.134818333333
286,47.6449166666667,-122.134743333333
287,47.644665,-122.134673333333
288,47.6444133333333,-122.134605
289,47.6441566666667,-122.13456
290,47.6439016666667,-122.134521666667
291,47.6436416666667,-122.134491666667
292,47.6433833333333,-122.134483333333
293,47.6431233333333,-122.134483333333
294,47.642865,-122.134483333333
295,47.6426016666667,-122.134506666667
296,47.6423383333333,-122.134536666667
297,47.642075,-122.134575
298,47.6418116666667,-122.134628333333
299,47.6415516666667,-122.134711666667
300,47.6412883333333,-122.134796666667
301,47.6410333333333,-122.134888333333
302,47.6407783333333,-122.135001666667
303,47.6405216666667,-122.135131666667
304,47.6402733333333,-122.135268333333
305,47.6400216666667,-122.135421666667
306,47.6397783333333,-122.135575
307,47.63953,-122.135735
308,47.6392816666667,-122.135925
309,47.6390416666667,-122.136131666667
310,47.6388133333333,-122.136336666667
311,47.6385833333333,-122.136566666667
312,47.6383666666667,-122.136803333333
313,47.6381533333333,-122.137046666667
314,47.6379466666667,-122.137306666667
315,47.637745,-122.137581666667
316,47.6375466666667,-122.13787
317,47.637355,-122.138153333333
318,47.6371733333333,-122.138458333333
319,47.6369933333333,-122.138771666667
320,47.6368183333333,-122.139068333333
321,47.6366416666667,-122.139381666667
322,47.63647,-122.139701666667
323,47.6362983333333,-122.14
324,47.6361266666667,-122.140296666667
325,47.63596,-122.140601666667
326,47.6357883333333,-122.1409
327,47.6356166666667,-122.141211666667
328,47.635445,-122.141518333333
329,47.6352683333333,-122.141815
330,47.6350983333333,-122.142128333333
331,47.6349216666667,-122.142433333333
332,47.6347466666667,-122.142746666667
333,47.6345716666667,-122.143043333333
334,47.6344033333333,-122.143356666667
335,47.634235,-122.143661666667
336,47.6340566666667,-122.143975
337,47.633885,-122.144271666667
338,47.633705,-122.144591666667
339,47.63353,-122.14489
340,47.63335,-122.145203333333
341,47.6331716666667,-122.145515
342,47.633,-122.14582
343,47.63282,-122.146133333333
344,47.632645,-122.146446666667
345,47.632465,-122.146743333333
346,47.63229,-122.147065
347,47.63211,-122.147361666667
348,47.631935,-122.147675
349,47.63176,-122.14798
350,47.63158,-122.148293333333
351,47.6314083333333,-122.148605
352,47.6312366666667,-122.148918333333
353,47.63107,-122.149246666667
354,47.6309133333333,-122.149575
355,47.63076,-122.149918333333
356,47.6306183333333,-122.150268333333
357,47.6304816666667,-122.150626666667
358,47.63036,-122.150978333333
359,47.6302383333333,-122.151351666667
360,47.63013,-122.151733333333
361,47.6300316666667,-122.1521
362,47.62994,-122.152496666667
363,47.6298566666667,-122.152878333333
364,47.6297833333333,-122.153275
365,47.6297183333333,-122.153671666667
366,47.629665,-122.154068333333
367,47.62962,-122.15448
368,47.6295816666667,-122.154876666667
369,47.629555,-122.155281666667
370,47.629535,-122.155693333333
371,47.629525,-122.15612
372,47.629525,-122.156525
373,47.629535,-122.156936666667
374,47.6295583333333,-122.157363333333
375,47.6295883333333,-122.157768333333
376,47.6296266666667,-122.15818
377,47.62967,-122.158591666667
378,47.629715,-122.158996666667
379,47.6297533333333,-122.159408333333
380,47.629795,-122.15982
381,47.6298416666667,-122.160216666667
382,47.6298783333333,-122.160613333333
383,47.6299216666667,-122.160995
384,47.6299633333333,-122.161376666667
385,47.6300016666667,-122.161743333333
386,47.63004,-122.162101666667
387,47.6300733333333,-122.162468333333
388,47.630115,-122.162826666667
389,47.6301566666667,-122.163193333333
390,47.6301916666667,-122.163566666667
391,47.6302183333333,-122.163933333333
392,47.6302333333333,-122.164298333333
393,47.6302383333333,-122.16468
394,47.63023,-122.165061666667
395,47.6302116666667,-122.165435
396,47.630185,-122.165801666667
397,47.6301566666667,-122.166183333333
398,47.63013,-122.166556666667
399,47.6301033333333,-122.166923333333
400,47.6300733333333,-122.167281666667
401,47.6300466666667,-122.167648333333
402,47.63002,-122.168
403,47.6299966666667,-122.168358333333
404,47.6299783333333,-122.168723333333
405,47.6299666666667,-122.169083333333
406,47.62997,-122.169433333333
407,47.6299783333333,-122.169776666667
408,47.630005,-122.170135
409,47.63004,-122.170486666667
410,47.6300766666667,-122.17083
411,47.630135,-122.171173333333
412,47.6302,-122.171516666667
413,47.6302716666667,-122.171851666667
414,47.630345,-122.17218
415,47.630425,-122.172523333333
416,47.6305,-122.172866666667
417,47.630585,-122.173195
418,47.6306616666667,-122.173538333333
419,47.630745,-122.173873333333
420,47.630825,-122.174201666667
421,47.6309016666667,-122.17453
422,47.6309783333333,-122.174873333333
423,47.6310533333333,-122.175201666667
424,47.6311333333333,-122.17553
425,47.6312133333333,-122.175858333333
426,47.6312866666667,-122.176185
427,47.6313666666667,-122.176513333333
428,47.6314433333333,-122.176826666667
429,47.631515,-122.177155
430,47.631595,-122.177466666667
431,47.6316683333333,-122.177795
432,47.63174,-122.178123333333
433,47.6318166666667,-122.178451666667
434,47.631885,-122.17878
435,47.6319466666667,-122.179123333333
436,47.632,-122.179466666667
437,47.63205,-122.179795
438,47.632095,-122.18013
439,47.63213,-122.180488333333
440,47.63216,-122.18084
441,47.63218,-122.181198333333
442,47.632195,-122.181556666667
443,47.6321983333333,-122.181908333333
444,47.632195,-122.182266666667
445,47.6321866666667,-122.182631666667
446,47.632175,-122.182975
447,47.63216,-122.183326666667
448,47.6321533333333,-122.18367
449,47.6321416666667,-122.184013333333
450,47.63213,-122.184341666667
451,47.6321183333333,-122.18467
452,47.6321066666667,-122.184998333333
453,47.632095,-122.18531
454,47.632095,-122.185623333333
455,47.632095,-122.185936666667
456,47.6321066666667,-122.186241666667
457,47.63213,-122.186538333333
458,47.6321633333333,-122.186828333333
459,47.6322066666667,-122.187103333333
460,47.63226,-122.18737
461,47.63232,-122.187645
462,47.6323733333333,-122.187905
463,47.6324316666667,-122.188178333333
464,47.6325266666667,-122.1884
465,47.63263,-122.188613333333
466,47.6327366666667,-122.18882
467,47.6328433333333,-122.18901
468,47.63295,-122.189178333333
469,47.633065,-122.189323333333
470,47.6331783333333,-122.18946
471,47.6333083333333,-122.189545
472,47.6334416666667,-122.189575
473,47.6335716666667,-122.18953
474,47.6336816666667,-122.189445
475,47.6337666666667,-122.189323333333
476,47.6338266666667,-122.189163333333
477,47.6338533333333,-122.188988333333
478,47.63385,-122.188805
479,47.6338116666667,-122.188645
480,47.6337516666667,-122.188491666667
481,47.63367,-122.18837
482,47.6335833333333,-122.188278333333
483,47.6334716666667,-122.188216666667
484,47.633355,-122.188163333333
485,47.63322,-122.188141666667
486,47.6330833333333,-122.188141666667
487,47.6329383333333,-122.188148333333
488,47.6327816666667,-122.188195
489,47.6326216666667,-122.188216666667
490,47.63245,-122.188263333333
491,47.6322633333333,-122.188301666667
492,47.6320766666667,-122.188331666667
493,47.6318783333333,-122.188355
494,47.631675,-122.1884
495,47.6314766666667,-122.188438333333
496,47.631275,-122.188476666667
497,47.6310733333333,-122.188521666667
498,47.630875,-122.18856
499,47.6306716666667,-122.188598333333
500,47.6304666666667,-122.188628333333
501,47.6302533333333,-122.18866
502,47.6300283333333,-122.188683333333
503,47.629795,-122.188713333333
504,47.6295583333333,-122.188736666667
505,47.6293266666667,-122.188766666667
506,47.6290966666667,-122.188796666667
507,47.6288683333333,-122.188805
508,47.62864,-122.188835
509,47.6284133333333,-122.18885
510,47.6281883333333,-122.188873333333
511,47.62796,-122.188873333333
512,47.6277283333333,-122.188873333333
513,47.627495,-122.188873333333
514,47.627255,-122.188873333333
515,47.6270133333333,-122.188873333333
516,47.6267783333333,-122.188858333333
517,47.6265333333333,-122.188858333333
518,47.62629,-122.188858333333
519,47.6260333333333,-122.18885
520,47.6257783333333,-122.188835
521,47.625515,-122.188835
522,47.6252516666667,-122.188835
523,47.6249883333333,-122.188835
524,47.6247283333333,-122.188835
525,47.6244666666667,-122.18885
526,47.6242066666667,-122.18885
527,47.6239466666667,-122.18885
528,47.6236833333333,-122.18885
529,47.623425,-122.18885
530,47.6231683333333,-122.18885
531,47.62291,-122.188835
532,47.6226533333333,-122.188835
533,47.6224016666667,-122.188835
534,47.62215,-122.188835
535,47.621895,-122.188835
536,47.62165,-122.188835
537,47.6214033333333,-122.18882
538,47.621155,-122.18882
539,47.6209033333333,-122.188805
540,47.620655,-122.188805
541,47.6204,-122.188805
542,47.6201483333333,-122.188805
543,47.6198966666667,-122.18882
544,47.6196433333333,-122.18882
545,47.6193966666667,-122.18882
546,47.619145,-122.188835
547,47.6188883333333,-122.188835
548,47.6186333333333,-122.18885
549,47.618385,-122.188858333333
550,47.6181366666667,-122.188858333333
551,47.617885,-122.188858333333
552,47.6176333333333,-122.188858333333
553,47.6173866666667,-122.188858333333
554,47.6171333333333,-122.188858333333
555,47.6168783333333,-122.188858333333
556,47.6166266666667,-122.188858333333
557,47.6163716666667,-122.18885
558,47.61612,-122.18885
559,47.6158633333333,-122.18885
560,47.6156166666667,-122.18885
561,47.6153716666667,-122.18885
562,47.6151233333333,-122.18885
563,47.6148716666667,-122.18885
564,47.61462,-122.188835
565,47.614365,-122.188835
566,47.6141133333333,-122.188835
567,47.6138566666667,-122.18882
568,47.613605,-122.18882
569,47.6133533333333,-122.188805
570,47.6130983333333,-122.188805
571,47.6128383333333,-122.188796666667
572,47.6125833333333,-122.188796666667
573,47.6123283333333,-122.188781666667
574,47.6120716666667,-122.188766666667
575,47.6118166666667,-122.188766666667
576,47.6115566666667,-122.188751666667
577,47.6113016666667,-122.188728333333
578,47.6110466666667,-122.188698333333
579,47.6107833333333,-122.188666666667
580,47.6105233333333,-122.188645
581,47.6102566666667,-122.188598333333
582,47.6099883333333,-122.18856
583,47.60971,-122.188506666667
584,47.6094433333333,-122.188453333333
585,47.60918,-122.18837
586,47.6089166666667,-122.188285
587,47.6086583333333,-122.18821
588,47.608395,-122.188095
589,47.608135,-122.187988333333
590,47.60788,-122.187866666667
591,47.60762,-122.187743333333
592,47.6073683333333,-122.187591666667
593,47.6071166666667,-122.187438333333
594,47.606865,-122.187278333333
595,47.6066166666667,-122.187111666667
596,47.6063733333333,-122.186935
597,47.606125,-122.186745
598,47.605885,-122.186553333333
599,47.605645,-122.186348333333
600,47.6054033333333,-122.186141666667
601,47.6051666666667,-122.185936666667
602,47.6049233333333,-122.18573
603,47.6046833333333,-122.185531666667
604,47.6044466666667,-122.185325
605,47.6042066666667,-122.185105
606,47.603965,-122.184898333333
607,47.6037333333333,-122.184691666667
608,47.6034966666667,-122.184493333333
609,47.6032633333333,-122.184288333333
610,47.6030316666667,-122.184096666667
611,47.6027983333333,-122.183891666667
612,47.602565,-122.183685
613,47.6023333333333,-122.18348
614,47.602105,-122.183273333333
615,47.601875,-122.183066666667
616,47.6016466666667,-122.182853333333
617,47.6014183333333,-122.182648333333
618,47.6011816666667,-122.182456666667
619,47.6009366666667,-122.182273333333
620,47.6006933333333,-122.182113333333
621,47.6004416666667,-122.181976666667
622,47.6001816666667,-122.181855
623,47.5999183333333,-122.181746666667
624,47.5996583333333,-122.181663333333
625,47.5993883333333,-122.181595
626,47.5991216666667,-122.181556666667
627,47.5988533333333,-122.181526666667
628,47.5985866666667,-122.181511666667
629,47.59832,-122.181495
630,47.5980533333333,-122.181495
631,47.5977866666667,-122.181488333333
632,47.5975183333333,-122.181473333333
633,47.597255,-122.181458333333
634,47.5969883333333,-122.181458333333
635,47.596725,-122.181441666667
636,47.5964616666667,-122.181426666667
637,47.596195,-122.18142
638,47.5959283333333,-122.181403333333
639,47.5956616666667,-122.181388333333
640,47.59539,-122.181373333333
641,47.5951233333333,-122.181366666667
642,47.5948516666667,-122.18135
643,47.5945783333333,-122.181335
644,47.59431,-122.18132
645,47.5940433333333,-122.181305
646,47.5937733333333,-122.181296666667
647,47.5935016666667,-122.181281666667
648,47.593235,-122.181266666667
649,47.5929683333333,-122.181266666667
650,47.5927016666667,-122.181251666667
651,47.5924333333333,-122.181236666667
652,47.5921666666667,-122.181213333333
653,47.5919033333333,-122.181198333333
654,47.59164,-122.18116
655,47.5913766666667,-122.181115
656,47.5911183333333,-122.181045
657,47.5908583333333,-122.180976666667
658,47.5906033333333,-122.1809
659,47.5903433333333,-122.180816666667
660,47.5900883333333,-122.180716666667
661,47.5898316666667,-122.18061
662,47.5895766666667,-122.180503333333
663,47.5893166666667,-122.18039
664,47.5890533333333,-122.180283333333
665,47.5887916666667,-122.180175
666,47.5885283333333,-122.180061666667
667,47.58826,-122.179955
668,47.5879933333333,-122.179848333333
669,47.5877266666667,-122.179733333333
670,47.5874666666667,-122.179626666667
671,47.5872,-122.179505
672,47.5869333333333,-122.179381666667
673,47.58667,-122.17923
674,47.586415,-122.17907
675,47.5861633333333,-122.178886666667
676,47.585915,-122.178695
677,47.585675,-122.178496666667
678,47.5854416666667,-122.178291666667
679,47.585205,-122.178055
680,47.5849716666667,-122.177841666667
681,47.5847366666667,-122.17762
682,47.5845,-122.177398333333
683,47.5842666666667,-122.177185
684,47.5840266666667,-122.176963333333
685,47.5837866666667,-122.176743333333
686,47.5835416666667,-122.176551666667
687,47.5832933333333,-122.176361666667
688,47.5830383333333,-122.176201666667
689,47.5827833333333,-122.176033333333
690,47.5825233333333,-122.175895
691,47.5822633333333,-122.175758333333
692,47.5820083333333,-122.175636666667
693,47.5817483333333,-122.175515
694,47.5814966666667,-122.175391666667
695,47.5812416666667,-122.17527
696,47.5809866666667,-122.175148333333
697,47.58073,-122.175048333333
698,47.580475,-122.174956666667
699,47.58022,-122.174858333333
700,47.57996,-122.17479
701,47.5797,-122.17472
702,47.5794366666667,-122.174666666667
703,47.5791783333333,-122.17463
704,47.578915,-122.174583333333
705,47.5786516666667,-122.174575
706,47.578385,-122.17456
707,47.5781133333333,-122.17456
708,47.5778466666667,-122.17456
709,47.5775716666667,-122.174583333333
710,47.5772966666667,-122.174613333333
711,47.5770266666667,-122.174651666667
712,47.5767516666667,-122.174713333333
713,47.5764766666667,-122.174775
714,47.5762133333333,-122.174858333333
715,47.5759466666667,-122.174973333333
716,47.5756916666667,-122.175095
717,47.575435,-122.175231666667
718,47.5751833333333,-122.175376666667
719,47.5749366666667,-122.175515
720,47.5746883333333,-122.175666666667
721,47.5744433333333,-122.17582
722,47.5741966666667,-122.175948333333
723,47.5739516666667,-122.176086666667
724,47.5737083333333,-122.176238333333
725,47.5734666666667,-122.176376666667
726,47.5732233333333,-122.176513333333
727,47.5729833333333,-122.176651666667
728,47.5727383333333,-122.176796666667
729,47.5725016666667,-122.176933333333
730,47.5722583333333,-122.17707
731,47.5720183333333,-122.177208333333
732,47.5717766666667,-122.177345
733,47.5715366666667,-122.177483333333
734,47.5712966666667,-122.17762
735,47.5710533333333,-122.177756666667
736,47.5708083333333,-122.177895
737,47.5705683333333,-122.178031666667
738,47.5703283333333,-122.17817
739,47.5700916666667,-122.178298333333
740,47.5698516666667,-122.178428333333
741,47.56961,-122.178558333333
742,47.5693666666667,-122.178695
743,47.5691183333333,-122.178848333333
744,47.568875,-122.179001666667
745,47.56863,-122.179161666667
746,47.5683933333333,-122.179328333333
747,47.568165,-122.179535
748,47.56794,-122.179733333333
749,47.56773,-122.17997
750,47.5675233333333,-122.180213333333
751,47.5673333333333,-122.180488333333
752,47.5671533333333,-122.180778333333
753,47.5669816666667,-122.181091666667
754,47.56683,-122.181403333333
755,47.566685,-122.181731666667
756,47.5665516666667,-122.18206
757,47.5664333333333,-122.182411666667
758,47.5663216666667,-122.182755
759,47.566215,-122.183113333333
760,47.5661133333333,-122.183448333333
761,47.566005,-122.183791666667
762,47.565895,-122.18412
763,47.565785,-122.184433333333
764,47.5656616666667,-122.184738333333
765,47.5655283333333,-122.185013333333
766,47.5653916666667,-122.185271666667
767,47.5652433333333,-122.185516666667
768,47.56509,-122.18573
769,47.5649333333333,-122.185928333333
770,47.56477,-122.186118333333
771,47.564605,-122.18628
772,47.5644383333333,-122.186416666667
773,47.5642583333333,-122.186553333333
774,47.5640716666667,-122.186676666667
775,47.5638816666667,-122.186783333333
776,47.56369,-122.186866666667
777,47.5634916666667,-122.186935
778,47.56329,-122.186988333333
779,47.56308,-122.187035
780,47.5628733333333,-122.187073333333
781,47.5626566666667,-122.187103333333
782,47.5624383333333,-122.187126666667
783,47.5622183333333,-122.187165
784,47.562,-122.18721
785,47.5617783333333,-122.187263333333
786,47.561565,-122.187331666667
787,47.5613483333333,-122.1874
788,47.56113,-122.187485
789,47.5609166666667,-122.187561666667
790,47.5607033333333,-122.187675
791,47.5605016666667,-122.187766666667
792,47.5602983333333,-122.187888333333
793,47.5601,-122.188011666667
794,47.5599016666667,-122.188141666667
795,47.5597083333333,-122.188263333333
796,47.5595166666667,-122.1884
797,47.55933,-122.188538333333
798,47.55914,-122.18866
799,47.5589483333333,-122.188796666667
800,47.5587533333333,-122.188926666667
801,47.558555,-122.189063333333
802,47.5583566666667,-122.189216666667
803,47.5581583333333,-122.189353333333
804,47.55796,-122.189506666667
805,47.5577666666667,-122.189643333333
806,47.5575683333333,-122.189773333333
807,47.5573616666667,-122.189926666667
808,47.557155,-122.190063333333
809,47.55695,-122.190216666667
810,47.5567283333333,-122.190361666667
811,47.5565116666667,-122.190513333333
812,47.55629,-122.190666666667
813,47.5560683333333,-122.190818333333
814,47.55584,-122.190963333333
815,47.555615,-122.191131666667
816,47.555385,-122.191291666667
817,47.5551533333333,-122.191445
818,47.5549233333333,-122.191605
819,47.5546916666667,-122.191771666667
820,47.5544583333333,-122.191948333333
821,47.55423,-122.192115
822,47.5540083333333,-122.192276666667
823,47.5537866666667,-122.192451666667
824,47.55357,-122.19262
825,47.55336,-122.19278
826,47.55315,-122.192963333333
827,47.552945,-122.193123333333
828,47.552745,-122.193298333333
829,47.5525433333333,-122.193466666667
830,47.5523416666667,-122.193626666667
831,47.55214,-122.19381
832,47.5519366666667,-122.19397
833,47.5517316666667,-122.194145
834,47.5515133333333,-122.194313333333
835,47.5512966666667,-122.194465
836,47.5510716666667,-122.19461
837,47.5508416666667,-122.194763333333
838,47.55061,-122.194885
839,47.55037,-122.195006666667
840,47.5501283333333,-122.195121666667
841,47.549885,-122.195198333333
842,47.5496366666667,-122.195266666667
843,47.5493883333333,-122.19532
844,47.5491333333333,-122.195366666667
845,47.5488783333333,-122.195403333333
846,47.548615,-122.195435
847,47.5483516666667,-122.195473333333
848,47.548085,-122.195503333333
849,47.5478216666667,-122.195526666667
850,47.5475533333333,-122.195556666667
851,47.5472833333333,-122.19558
852,47.5470166666667,-122.195595
853,47.546745,-122.19561
854,47.5464783333333,-122.19561
855,47.5462116666667,-122.19561
856,47.545945,-122.19561
857,47.5456766666667,-122.195625
858,47.54541,-122.195625
859,47.54515,-122.195625
860,47.5448883333333,-122.195625
861,47.544625,-122.19564
862,47.5443616666667,-122.19564
863,47.5440983333333,-122.19564
864,47.543835,-122.19564
865,47.5435716666667,-122.195648333333
866,47.5433083333333,-122.195648333333
867,47.5430483333333,-122.195648333333
868,47.54279,-122.195663333333
869,47.54253,-122.195663333333
870,47.54227,-122.195648333333
871,47.5420116666667,-122.19564
872,47.5417483333333,-122.19561
873,47.5414883333333,-122.195571666667
874,47.541225,-122.195511666667
875,47.5409666666667,-122.19545
876,47.5407066666667,-122.195366666667
877,47.5404516666667,-122.195281666667
878,47.5401916666667,-122.195183333333
879,47.5399316666667,-122.195091666667
880,47.5396733333333,-122.194991666667
881,47.5394133333333,-122.194915
882,47.53915,-122.194831666667
883,47.5388916666667,-122.194748333333
884,47.5386283333333,-122.194695
885,47.53836,-122.194663333333
886,47.5380933333333,-122.194641666667
887,47.537835,-122.194641666667
888,47.5375716666667,-122.194663333333
889,47.537315,-122.19471
890,47.5370633333333,-122.194763333333
891,47.5368116666667,-122.194846666667
892,47.5365633333333,-122.194938333333
893,47.53632,-122.19506
894,47.53608,-122.195183333333
895,47.5358383333333,-122.19532
896,47.535595,-122.195473333333
897,47.535355,-122.195625
898,47.5351066666667,-122.195785
899,47.534855,-122.195938333333
900,47.5346033333333,-122.196098333333
901,47.5343516666667,-122.196266666667
902,47.5341,-122.196418333333
903,47.5338516666667,-122.196578333333
904,47.5336066666667,-122.196731666667
905,47.53336,-122.196883333333
906,47.533115,-122.197028333333
907,47.532875,-122.197181666667
908,47.532635,-122.197318333333
909,47.5324016666667,-122.197456666667
910,47.532165,-122.197578333333
911,47.5319216666667,-122.19767
912,47.5316816666667,-122.197753333333
913,47.5314333333333,-122.197823333333
914,47.531185,-122.197876666667
915,47.5309333333333,-122.197921666667
916,47.5306783333333,-122.19793
917,47.53043,-122.19793
918,47.5301783333333,-122.197921666667
919,47.52993,-122.197906666667
920,47.5296816666667,-122.197891666667
921,47.529435,-122.197876666667
922,47.52919,-122.19786
923,47.5289466666667,-122.197853333333
924,47.5287016666667,-122.197838333333
925,47.5284583333333,-122.197823333333
926,47.5282133333333,-122.197806666667
927,47.52797,-122.197785
928,47.5277216666667,-122.197785
929,47.5274766666667,-122.197768333333
930,47.527225,-122.197785
931,47.5269733333333,-122.197791666667
932,47.5267216666667,-122.197806666667
933,47.5264666666667,-122.197838333333
934,47.52621,-122.19786
935,47.5259583333333,-122.197876666667
936,47.5257116666667,-122.197906666667
937,47.5254666666667,-122.197921666667
938,47.5252266666667,-122.197945
939,47.52499,-122.19796
940,47.5247533333333,-122.19799
941,47.5245166666667,-122.198013333333
942,47.524285,-122.198028333333
943,47.5240516666667,-122.198051666667
944,47.523815,-122.198066666667
945,47.5235816666667,-122.198096666667
946,47.5233466666667,-122.198111666667
947,47.52311,-122.198135
948,47.5228733333333,-122.198166666667
949,47.5226283333333,-122.198181666667
950,47.5223883333333,-122.198203333333
951,47.522145,-122.19822
952,47.5219033333333,-122.19825
953,47.5216566666667,-122.198273333333
954,47.5214116666667,-122.198288333333
955,47.52116,-122.198318333333
956,47.5209116666667,-122.198341666667
957,47.520665,-122.198356666667
958,47.5204083333333,-122.19838
959,47.5201566666667,-122.19841
960,47.5199016666667,-122.19844
961,47.51965,-122.198448333333
962,47.5193933333333,-122.198478333333
963,47.5191416666667,-122.19851
964,47.51889,-122.198531666667
965,47.5186383333333,-122.198546666667
966,47.5183833333333,-122.198563333333
967,47.5181433333333,-122.198578333333
968,47.517895,-122.198563333333
969,47.517635,-122.198563333333
970,47.5173766666667,-122.198546666667
971,47.5171166666667,-122.198531666667
972,47.5168533333333,-122.198516666667
973,47.51659,-122.19851
974,47.5163233333333,-122.198478333333
975,47.5160516666667,-122.198463333333
976,47.5157816666667,-122.198448333333
977,47.515515,-122.19844
978,47.51524,-122.198425
979,47.514965,-122.19841
980,47.5146983333333,-122.198395
981,47.5144266666667,-122.19838
982,47.51416,-122.198356666667
983,47.5138933333333,-122.198341666667
984,47.51363,-122.198326666667
985,47.513375,-122.198318333333
986,47.5131183333333,-122.198303333333
987,47.5128666666667,-122.198288333333
988,47.5126183333333,-122.198273333333
989,47.512375,-122.198256666667
990,47.512135,-122.198256666667
991,47.5118983333333,-122.19825
992,47.5116683333333,-122.198235
993,47.51144,-122.19822
994,47.5112116666667,-122.198203333333
995,47.510975,-122.198188333333
996,47.5107383333333,-122.198181666667
997,47.510495,-122.198166666667
998,47.51025,-122.19815
999,47.5100016666667,-122.198135
1000,47.50975,-122.19812
1001,47.5094983333333,-122.198111666667
1002,47.5092433333333,-122.198096666667
1003,47.5089866666667,-122.198081666667
1004,47.5087283333333,-122.198066666667
1005,47.5084683333333,-122.198051666667
1006,47.50821,-122.198028333333
1007,47.50795,-122.198013333333
1008,47.5076866666667,-122.19799
1009,47.5074233333333,-122.19796
1010,47.50716,-122.197921666667
1011,47.5068966666667,-122.197891666667
1012,47.5066333333333,-122.197853333333
1013,47.5063666666667,-122.197806666667
1014,47.5061,-122.197753333333
1015,47.5058333333333,-122.197715
1016,47.505565,-122.197661666667
1017,47.5052983333333,-122.197593333333
1018,47.5050283333333,-122.197533333333
1019,47.5047566666667,-122.197471666667
1020,47.5044866666667,-122.197403333333
1021,47.5042083333333,-122.197335
1022,47.5039366666667,-122.19725
1023,47.5036616666667,-122.197166666667
1024,47.5033866666667,-122.197083333333
1025,47.5031133333333,-122.196991666667
1026,47.502835,-122.196906666667
1027,47.50256,-122.196815
1028,47.502285,-122.196701666667
1029,47.50201,-122.19661
1030,47.501735,-122.196495
1031,47.5014616666667,-122.196388333333
1032,47.5011833333333,-122.196281666667
1033,47.5009083333333,-122.19616
1034,47.50063,-122.196045
1035,47.5003516666667,-122.195923333333
1036,47.5000716666667,-122.195816666667
1037,47.4997933333333,-122.19571
1038,47.499515,-122.19558
1039,47.4992416666667,-122.195456666667
1040,47.4989583333333,-122.195335
1041,47.4986883333333,-122.195198333333
1042,47.49841,-122.195076666667
1043,47.4981383333333,-122.194938333333
1044,47.4978683333333,-122.194801666667
1045,47.4975966666667,-122.194656666667
1046,47.4973266666667,-122.194503333333
1047,47.4970583333333,-122.194351666667
1048,47.4967916666667,-122.194206666667
1049,47.496525,-122.194053333333
1050,47.4962533333333,-122.193885
1051,47.49599,-122.193725
1052,47.4957233333333,-122.19355
1053,47.495465,-122.193366666667
1054,47.4952016666667,-122.193206666667
1055,47.4949416666667,-122.193031666667
1056,47.4946783333333,-122.192848333333
1057,47.4944183333333,-122.192673333333
1058,47.49416,-122.192513333333
1059,47.4939,-122.19233
1060,47.4936366666667,-122.192153333333
1061,47.4933783333333,-122.192001666667
1062,47.4931183333333,-122.191863333333
1063,47.4928516666667,-122.191756666667
1064,47.49258,-122.191688333333
1065,47.4923166666667,-122.19165
1066,47.4920583333333,-122.191635
1067,47.4918016666667,-122.191635
1068,47.491555,-122.191665
1069,47.4913066666667,-122.191718333333
1070,47.4910616666667,-122.191795
1071,47.4908216666667,-122.19191
1072,47.4905816666667,-122.192031666667
1073,47.4903483333333,-122.192191666667
1074,47.49012,-122.19236
1075,47.489895,-122.19255
1076,47.4896733333333,-122.192726666667
1077,47.489445,-122.192893333333
1078,47.4892116666667,-122.193031666667
1079,47.488975,-122.193153333333
1080,47.4887283333333,-122.19323
1081,47.48848,-122.193313333333
1082,47.4882283333333,-122.193381666667
1083,47.4879716666667,-122.193451666667
1084,47.487725,-122.193535
1085,47.4874766666667,-122.193626666667
1086,47.4872316666667,-122.193741666667
1087,47.486995,-122.193863333333
1088,47.4867633333333,-122.194015
1089,47.4865416666667,-122.19416
1090,47.486325,-122.194336666667
1091,47.48611,-122.194518333333
1092,47.4859083333333,-122.194725
1093,47.4857033333333,-122.194915
1094,47.4854966666667,-122.195106666667
1095,47.48529,-122.195313333333
1096,47.485085,-122.195503333333
1097,47.4848783333333,-122.19571
1098,47.48468,-122.1959
1099,47.4844783333333,-122.19609
1100,47.48428,-122.196281666667
1101,47.4840766666667,-122.196471666667
1102,47.483875,-122.196663333333
1103,47.48367,-122.196853333333
1104,47.4834716666667,-122.19706
1105,47.4832733333333,-122.19725
1106,47.4830666666667,-122.197441666667
1107,47.482865,-122.197631666667
1108,47.482655,-122.197838333333
1109,47.482445,-122.198028333333
1110,47.4822266666667,-122.198235
1111,47.48201,-122.198448333333
1112,47.4817883333333,-122.198655
1113,47.4815666666667,-122.198875
1114,47.4813466666667,-122.199096666667
1115,47.4811283333333,-122.19934
1116,47.4809233333333,-122.1996
1117,47.4807283333333,-122.19986
1118,47.480545,-122.200135
1119,47.48037,-122.200401666667
1120,47.4801983333333,-122.200676666667
1121,47.4800266666667,-122.200935
1122,47.479855,-122.201195
1123,47.4796866666667,-122.201453333333
1124,47.4795183333333,-122.201728333333
1125,47.4793466666667,-122.201988333333
1126,47.4791633333333,-122.202231666667
1127,47.478985,-122.202468333333
1128,47.47879,-122.202681666667
1129,47.478585,-122.202888333333
1130,47.47837,-122.203071666667
1131,47.47815,-122.203231666667
1132,47.4779166666667,-122.203368333333
1133,47.4776766666667,-122.203491666667
1134,47.4774366666667,-122.20359
1135,47.4771916666667,-122.203666666667
1136,47.4769483333333,-122.203728333333
1137,47.4767,-122.20375
1138,47.476455,-122.203766666667
1139,47.4762033333333,-122.203781666667
1140,47.4759566666667,-122.203803333333
1141,47.475705,-122.20382
1142,47.4754483333333,-122.203835
1143,47.475185,-122.20385
1144,47.4749183333333,-122.203856666667
1145,47.4746516666667,-122.203873333333
1146,47.47438,-122.203888333333
1147,47.47411,-122.203903333333
1148,47.4738466666667,-122.203926666667
1149,47.47358,-122.203941666667
1150,47.47332,-122.203956666667
1151,47.47306,-122.203986666667
1152,47.4728016666667,-122.20404
1153,47.472545,-122.20411
1154,47.4722933333333,-122.204185
1155,47.47205,-122.2043
1156,47.471805,-122.204406666667
1157,47.4715683333333,-122.20456
1158,47.47134,-122.204705
1159,47.4711116666667,-122.204871666667
1160,47.47089,-122.205063333333
1161,47.4706733333333,-122.205283333333
1162,47.4704583333333,-122.205498333333
1163,47.4702533333333,-122.20575
1164,47.470055,-122.206008333333
1165,47.4698683333333,-122.206276666667
1166,47.4696966666667,-122.20655
1167,47.46954,-122.206855
1168,47.4693833333333,-122.207153333333
1169,47.4692416666667,-122.207466666667
1170,47.4691116666667,-122.207795
1171,47.46899,-122.208121666667
1172,47.46888,-122.208465
1173,47.468785,-122.208808333333
1174,47.4687,-122.20916
1175,47.4686233333333,-122.209533333333
1176,47.46856,-122.2099
1177,47.4685066666667,-122.210281666667
1178,47.4684633333333,-122.210663333333
1179,47.4684216666667,-122.211045
1180,47.4683766666667,-122.211425
1181,47.4683383333333,-122.211815
1182,47.4682966666667,-122.212181666667
1183,47.4682583333333,-122.212546666667
1184,47.4682233333333,-122.212921666667
1185,47.4681966666667,-122.213286666667
1186,47.4681733333333,-122.213653333333
1187,47.4681433333333,-122.214011666667
1188,47.4681133333333,-122.214363333333
1189,47.4680866666667,-122.214736666667
1190,47.46806,-122.215088333333
1191,47.46804,-122.215446666667
1192,47.4680183333333,-122.215796666667
1193,47.4679983333333,-122.216171666667
1194,47.46798,-122.216521666667
1195,47.46796,-122.21688
1196,47.467945,-122.217231666667
1197,47.4679266666667,-122.21759
1198,47.4679066666667,-122.217941666667
1199,47.4678833333333,-122.21833
1200,47.4678616666667,-122.218711666667
1201,47.4678416666667,-122.219108333333
1202,47.46782,-122.219505
1203,47.4678,-122.219886666667
1204,47.4677816666667,-122.220283333333
1205,47.4677583333333,-122.22068
1206,47.4677383333333,-122.221061666667
1207,47.4677166666667,-122.221428333333
1208,47.4676933333333,-122.22181
1209,47.467675,-122.222206666667
1210,47.467655,-122.222588333333
1211,47.4676366666667,-122.222985
1212,47.4676216666667,-122.223381666667
1213,47.4676133333333,-122.223763333333
1214,47.4675983333333,-122.22416
1215,47.4675833333333,-122.224556666667
1216,47.4675633333333,-122.224968333333
1217,47.4675483333333,-122.225371666667
1218,47.4675333333333,-122.225785
1219,47.4675216666667,-122.226211666667
1220,47.4675066666667,-122.226631666667
1221,47.467495,-122.227058333333
1222,47.4674866666667,-122.227463333333
1223,47.4674766666667,-122.227875
1224,47.46746,-122.228271666667
1225,47.4674533333333,-122.228668333333
1226,47.4674416666667,-122.22908
1227,47.4674266666667,-122.229476666667
1228,47.4674183333333,-122.229881666667
1229,47.4674066666667,-122.230308333333
1230,47.4673916666667,-122.23072
1231,47.4673683333333,-122.23111
1232,47.46735,-122.231521666667
1233,47.4673316666667,-122.231903333333
1234,47.4673083333333,-122.232285
1235,47.4672883333333,-122.232673333333
1236,47.4672666666667,-122.23304
1237,47.467235,-122.233421666667
1238,47.4671966666667,-122.233788333333
1239,47.46716,-122.234161666667
1240,47.46711,-122.234511666667
1241,47.46706,-122.234871666667
1242,47.4670033333333,-122.235236666667
1243,47.4669383333333,-122.235595
1244,47.46687,-122.235938333333
1245,47.4667966666667,-122.236275
1246,47.4667166666667,-122.236618333333
1247,47.4666333333333,-122.236946666667
1248,47.4665416666667,-122.237275
1249,47.4664466666667,-122.237616666667
1250,47.4663466666667,-122.237945
1251,47.4662483333333,-122.238273333333
1252,47.4661566666667,-122.238586666667
1253,47.46606,-122.238915
1254,47.4659733333333,-122.239211666667
1255,47.465885,-122.239516666667
1256,47.4657966666667,-122.239815
1257,47.4657066666667,-122.240105
1258,47.46561,-122.240401666667
1259,47.465515,-122.2407
1260,47.4654166666667,-122.24102
1261,47.46532,-122.241318333333
1262,47.4652283333333,-122.241615
1263,47.4651366666667,-122.241905
1264,47.4650466666667,-122.242195
1265,47.464965,-122.242455
1266,47.4648816666667,-122.242713333333
1267,47.4647983333333,-122.242981666667
1268,47.4647133333333,-122.24324
1269,47.4646266666667,-122.243515
1270,47.4645416666667,-122.24379
1271,47.4644616666667,-122.244065
1272,47.464375,-122.244338333333
1273,47.46429,-122.244613333333
1274,47.46421,-122.244896666667
1275,47.464135,-122.245186666667
1276,47.4640533333333,-122.245468333333
1277,47.4639816666667,-122.245758333333
1278,47.4639083333333,-122.246033333333
1279,47.4638483333333,-122.246291666667
1280,47.4638133333333,-122.246536666667
1281,47.4638133333333,-122.246765
1282,47.4638516666667,-122.247001666667
1283,47.4639166666667,-122.247208333333
1284,47.4640116666667,-122.247383333333
1285,47.464115,-122.247535
1286,47.464215,-122.24768
1287,47.4643066666667,-122.247818333333
1288,47.4643966666667,-122.24794
1289,47.4644933333333,-122.248055
1290,47.464585,-122.248176666667
1291,47.4646716666667,-122.248298333333
1292,47.46476,-122.248405
1293,47.4648433333333,-122.248528333333
1294,47.4649166666667,-122.248641666667
1295,47.464985,-122.248733333333
1296,47.46505,-122.248816666667
1297,47.465115,-122.248886666667
1298,47.4651683333333,-122.248925
1299,47.4652133333333,-122.248955
1300,47.4652483333333,-122.248978333333
1301,47.465275,-122.248978333333
1302,47.46529,-122.248978333333
1303,47.4653016666667,-122.248978333333
1304,47.4653016666667,-122.248978333333
1305,47.4653016666667,-122.248978333333
1306,47.465305,-122.248978333333
1307,47.465305,-122.248978333333
1308,47.465305,-122.248978333333
1309,47.465305,-122.248978333333
1310,47.465305,-122.24897
1311,47.4653083333333,-122.24897
1312,47.46532,-122.24897
1313,47.46534,-122.24897
1314,47.4653733333333,-122.24897
1315,47.4654083333333,-122.24897
1316,47.4654616666667,-122.24894
1317,47.4655083333333,-122.248901666667
1318,47.465545,-122.248848333333
1319,47.4655616666667,-122.248763333333
1320,47.4655533333333,-122.248665
1321,47.4655266666667,-122.248558333333
1322,47.465485,-122.248436666667
1323,47.465435,-122.248313333333
1324,47.4653816666667,-122.248176666667
1325,47.4653366666667,-122.248055
1326,47.4652933333333,-122.24794
1327,47.46526,-122.247863333333
1328,47.4652333333333,-122.247795
1329,47.46521,-122.247726666667
1330,47.46518,-122.247658333333
1331,47.465145,-122.247573333333
1332,47.4651066666667,-122.247466666667
1333,47.4650566666667,-122.247353333333
1334,47.4650033333333,-122.247215
1335,47.4649383333333,-122.247085
1336,47.46487,-122.246948333333
1337,47.4647933333333,-122.246795
1338,47.46471,-122.246658333333
1339,47.4646183333333,-122.246521666667
1340,47.4645266666667,-122.246383333333
1341,47.4644316666667,-122.246276666667
1342,47.4643433333333,-122.24617
1343,47.4642516666667,-122.246071666667
1344,47.464165,-122.245986666667
1345,47.4640766666667,-122.24591
1346,47.464,-122.245841666667
1347,47.46392,-122.245781666667
1348,47.4638483333333,-122.245743333333
1349,47.4637833333333,-122.24572
1350,47.463715,-122.245673333333
1351,47.4636683333333,-122.245658333333
1352,47.463635,-122.245651666667
1353,47.4636033333333,-122.245636666667
1354,47.4635733333333,-122.24562
1355,47.4635466666667,-122.24562
1356,47.4635383333333,-122.245605
1357,47.4635316666667,-122.245605
1358,47.46352,-122.245605
1359,47.4635083333333,-122.24559
1360,47.4634816666667,-122.245583333333
1361,47.4634516666667,-122.245566666667
1362,47.4634133333333,-122.245551666667
1363,47.4633516666667,-122.245521666667
1364,47.4632766666667,-122.245498333333
1365,47.463195,-122.245468333333
1366,47.463115,-122.245445
1367,47.4630283333333,-122.245415
1368,47.4629283333333,-122.245391666667
1369,47.4628216666667,-122.245361666667
1370,47.4627116666667,-122.24533
1371,47.4626,-122.245308333333
1372,47.4624816666667,-122.245276666667
1373,47.4623716666667,-122.245255
1374,47.46225,-122.245223333333
1375,47.462135,-122.245193333333
1376,47.46201,-122.24517
1377,47.46188,-122.24514
1378,47.4617533333333,-122.245116666667
1379,47.4616283333333,-122.245086666667
1380,47.4615166666667,-122.245063333333
1381,47.46141,-122.245048333333
1382,47.4613083333333,-122.245018333333
1383,47.4612083333333,-122.244995
1384,47.461105,-122.24498
1385,47.4610016666667,-122.24495
1386,47.4608916666667,-122.244926666667
1387,47.4607766666667,-122.244896666667
1388,47.4606666666667,-122.244873333333
1389,47.4605483333333,-122.244843333333
1390,47.4604266666667,-122.244826666667
1391,47.460305,-122.244805
1392,47.460175,-122.244788333333
1393,47.4600366666667,-122.244758333333
1394,47.4598966666667,-122.244743333333
1395,47.4597666666667,-122.24472
1396,47.4596366666667,-122.24469
1397,47.45951,-122.244666666667
1398,47.4593933333333,-122.244621666667
1399,47.459275,-122.244598333333
1400,47.45916,-122.244568333333
1401,47.45905,-122.244545
1402,47.4589416666667,-122.244515
1403,47.4588316666667,-122.2445
1404,47.458725,-122.244476666667
1405,47.458625,-122.244445
1406,47.4585266666667,-122.244415
1407,47.4584316666667,-122.244391666667
1408,47.4583433333333,-122.244361666667
1409,47.45826,-122.244346666667
1410,47.45818,-122.244323333333
1411,47.4581,-122.244308333333
1412,47.4580233333333,-122.244293333333
1413,47.4579466666667,-122.24427
1414,47.457875,-122.244255
1415,47.4578016666667,-122.24424
1416,47.4577183333333,-122.244216666667
1417,47.4576383333333,-122.244201666667
1418,47.45755,-122.244171666667
1419,47.4574616666667,-122.244156666667
1420,47.457375,-122.244133333333
1421,47.45728,-122.244101666667
1422,47.4571883333333,-122.244086666667
1423,47.4570916666667,-122.244065
1424,47.4570083333333,-122.244033333333
1425,47.4569316666667,-122.244033333333
1426,47.4568716666667,-122.244048333333
1427,47.456825,-122.244118333333
1428,47.456795,-122.244201666667
1429,47.4567716666667,-122.244308333333
1430,47.4567483333333,-122.24443
1431,47.456715,-122.244583333333
1432,47.4566683333333,-122.244743333333
1433,47.4566033333333,-122.244926666667
1434,47.4565316666667,-122.245101666667
1435,47.4564433333333,-122.245293333333
1436,47.4563566666667,-122.245483333333
1437,47.4562716666667,-122.245673333333
1438,47.45618,-122.245865
1439,47.4560966666667,-122.246055
1440,47.4560166666667,-122.246238333333
1441,47.45594,-122.24643
1442,47.45588,-122.246628333333
1443,47.455825,-122.246848333333
1444,47.4557883333333,-122.24707
1445,47.455765,-122.2473
1446,47.4557566666667,-122.247535
1447,47.4557616666667,-122.24778
1448,47.4557683333333,-122.248008333333
1449,47.4557716666667,-122.24823
1450,47.4557766666667,-122.248436666667
1451,47.45578,-122.248611666667
1452,47.4557833333333,-122.248763333333
1453,47.4557833333333,-122.248901666667
1454,47.4557883333333,-122.249023333333
1455,47.4557883333333,-122.24913
1456,47.4557883333333,-122.249251666667
1457,47.4557916666667,-122.249375
1458,47.4557916666667,-122.249511666667
1459,47.455795,-122.249665
1460,47.4557983333333,-122.249816666667
1461,47.4558033333333,-122.249976666667
1462,47.4558066666667,-122.250153333333
1463,47.45581,-122.250351666667
1464,47.45581,-122.250526666667
1465,47.45581,-122.250701666667
1466,47.45581,-122.25087
1467,47.455815,-122.25103
1468,47.4558183333333,-122.251205
1469,47.4558216666667,-122.251396666667
1470,47.4558216666667,-122.251586666667
1471,47.4558216666667,-122.251808333333
1472,47.455825,-122.252013333333
1473,47.45583,-122.252235
1474,47.4558333333333,-122.252448333333
1475,47.4558366666667,-122.25267
1476,47.4558416666667,-122.2529
1477,47.4558416666667,-122.253135
1478,47.455845,-122.253365
1479,47.4558483333333,-122.253608333333
1480,47.4558533333333,-122.25383
1481,47.4558533333333,-122.254066666667
1482,47.4558533333333,-122.25428
1483,47.4558566666667,-122.254501666667
1484,47.4558566666667,-122.254715
1485,47.45586,-122.254936666667
1486,47.45586,-122.255156666667
1487,47.4558633333333,-122.255386666667
1488,47.4558683333333,-122.255623333333
1489,47.4558716666667,-122.255851666667
1490,47.455875,-122.256088333333
1491,47.45588,-122.256331666667
1492,47.4558833333333,-122.256561666667
1493,47.4558866666667,-122.256783333333
1494,47.4558866666667,-122.257011666667
1495,47.4558866666667,-122.257233333333
1496,47.45589,-122.257461666667
1497,47.455895,-122.257698333333
1498,47.455895,-122.257941666667
1499,47.455895,-122.258171666667
1500,47.4558983333333,-122.258423333333
1501,47.4558983333333,-122.258666666667
1502,47.4559016666667,-122.258896666667
1503,47.4559016666667,-122.259148333333
1504,47.4559066666667,-122.259376666667
1505,47.45591,-122.259598333333
1506,47.4559133333333,-122.259826666667
1507,47.4559166666667,-122.260063333333
1508,47.4559166666667,-122.260291666667
1509,47.4559166666667,-122.260521666667
1510,47.4559166666667,-122.260741666667
1511,47.4559166666667,-122.260963333333
1512,47.4559166666667,-122.261176666667
1513,47.45591,-122.261368333333
1514,47.4559016666667,-122.261573333333
1515,47.455895,-122.261756666667
1516,47.455895,-122.261916666667
1517,47.455895,-122.26207
1518,47.455895,-122.262206666667
1519,47.455895,-122.262345
1520,47.45589,-122.262451666667
1521,47.45586,-122.262535
1522,47.4558066666667,-122.262573333333
1523,47.45573,-122.262588333333
1524,47.4556433333333,-122.262588333333
1525,47.4555466666667,-122.262588333333
1526,47.455445,-122.262573333333
1527,47.4553333333333,-122.262573333333
1528,47.4552266666667,-122.262573333333
1529,47.4551116666667,-122.262573333333
1530,47.455005,-122.262558333333
1531,47.454895,-122.262558333333
1532,47.4547883333333,-122.262558333333
1533,47.454685,-122.262558333333
1534,47.4545783333333,-122.262543333333
1535,47.4544716666667,-122.262543333333
1536,47.454365,-122.262543333333
1537,47.4542616666667,-122.262543333333
1538,47.4541666666667,-122.262535
1539,47.4540816666667,-122.262535
1540,47.4539983333333,-122.262535
1541,47.4539266666667,-122.262535
1542,47.4538566666667,-122.262535